Iteration,F_min_DAo,F_max_DAo,F_min_DAb,F_max_DAb,F_min_g_1,F_max_g_1,F_min_g_2,F_max_g_2,F_min_g_3,F_max_g_3,F_min_do_1,F_max_do_1,F_min_do_2,F_max_do_2,F_min_db_1,F_max_db_1,F_min_db_2,F_max_db_2,F_min_l_1,F_max_l_1,F_min_l_2,F_max_l_2,F_min_l_3,F_max_l_3
0,0.0,7.0,0.0,62.0,0.0,0.0,5.0,0.0,10.000000000000004,0.0,0.0,3.9999999999999982,0.0,11.999999999999996,0.0,92.0,0.0,70.0,0.0,0.0,0.0,0.0,0.0,0.0
0,0.0,12.0,0.0,74.0,0.0,0.0,5.0,0.0,10.0,0.0,0.0,11.0,0.0,4.0,0.0,93.0,0.0,85.0,0.0,0.0,0.0,0.0,0.0,0.0
0,9989.0,10000.0,0.0,87.0,0.0,0.0,5.0,0.0,10.0,0.0,0.0,8.000000000000002,0.0,4.0,0.0,75.0,9906.0,10000.0,0.0,0.0,0.0,0.0,0.0,0.0
0,0.0,10.0,0.0,74.0,0.0,0.0,5.0,0.0,9.999999999999998,0.0,0.0,13.000000000000005,0.0,10.000000000000002,0.0,84.0,0.0,59.0,0.0,0.0,0.0,0.0,0.0,0.0
0,0.0,11.0,0.0,81.0,0.0,0.0,5.0,0.0,9.999999999999998,0.0,0.0,5.000000000000005,0.0,7.000000000000002,0.0,83.0,0.0,84.0,0.0,0.0,0.0,0.0,0.0,0.0
0,0.0,14.0,0.0,75.0,0.0,0.0,5.0,0.0,10.0,0.0,0.0,11.0,0.0,9.0,0.0,83.0,0.0,81.0,0.0,0.0,0.0,0.0,0.0,0.0
0,9995.0,10000.0,0.0,80.0,0.0,0.0,5.0,0.0,0.0,0.0,0.0,11.000000000000007,0.0,23.00000000000001,0.0,61.99999999999999,0.0,84.99999999999999,0.0,0.0,0.0,14.800000000000013,0.0,0.0
0,9994.0,10000.0,0.0,73.0,0.0,0.0,5.0,0.0,10.0,0.0,0.0,5.000000000000002,0.0,14.0,0.0,87.0,0.0,91.0,0.0,0.0,0.0,0.0,0.0,0.0
0,9986.0,10000.0,0.0,90.0,0.0,0.0,5.0,0.0,10.0,0.0,0.0,14.000000000000002,0.0,7.0,0.0,85.0,0.0,67.0,0.0,0.0,0.0,0.0,0.0,0.0
0,9991.0,10000.0,0.0,63.0,0.0,0.0,5.0,0.0,10.0,0.0,0.0,5.000000000000002,0.0,5.0,0.0,65.0,0.0,79.0,0.0,0.0,0.0,0.0,0.0,0.0
0,9986.0,10000.0,0.0,67.0,0.0,0.0,5.0,0.0,10.0,0.0,0.0,13.000000000000002,0.0,5.0,0.0,60.0,0.0,86.0,0.0,0.0,0.0,0.0,0.0,0.0
0,9986.0,10000.0,0.0,81.0,0.0,0.0,5.0,0.0,10.0,0.0,0.0,8.000000000000002,0.0,13.0,0.0,73.0,0.0,80.0,0.0,0.0,0.0,0.0,0.0,0.0
0,9995.0,10000.0,0.0,79.0,0.0,0.0,5.0,0.0,10.000000000000004,0.0,0.0,3.9999999999999982,0.0,12.999999999999996,0.0,87.0,0.0,70.0,0.0,0.0,0.0,0.0,0.0,0.0
0,9993.0,10000.0,0.0,66.0,0.0,0.0,5.0,0.0,10.000000000000004,0.0,0.0,4.999999999999998,0.0,5.9999999999999964,0.0,95.0,0.0,64.0,0.0,0.0,0.0,0.0,0.0,0.0
0,9994.0,10000.0,0.0,94.0,0.0,0.0,5.0,0.0,10.0,0.0,0.0,5.000000000000002,0.0,11.0,0.0,94.0,9945.0,10000.0,0.0,0.0,0.0,0.0,0.0,0.0
0,9994.0,10000.0,0.0,91.0,0.0,0.0,5.0,0.0,10.0,0.0,0.0,6.000000000000002,0.0,6.0,0.0,76.0,0.0,61.0,0.0,0.0,0.0,0.0,0.0,0.0
0,9988.0,10000.0,0.0,74.0,0.0,0.0,5.0,0.0,10.0,0.0,0.0,9.000000000000002,0.0,10.0,0.0,60.0,0.0,82.0,0.0,0.0,0.0,0.0,0.0,0.0
0,9986.0,10000.0,0.0,80.0,0.0,0.0,5.0,0.0,9.999999999999998,0.0,0.0,10.000000000000005,0.0,12.000000000000002,0.0,70.0,0.0,69.0,0.0,0.0,0.0,0.0,0.0,0.0
0,0.0,6.0,0.0,90.0,0.0,0.0,5.0,0.0,10.000000000000004,0.0,0.0,10.999999999999998,0.0,9.0,0.0,74.0,0.0,66.0,0.0,0.0,0.0,0.0,0.0,0.0
0,9987.0,10000.0,0.0,55.0,0.0,0.0,5.0,0.0,10.000000000000004,0.0,0.0,3.9999999999999982,0.0,12.999999999999996,0.0,69.0,9912.0,10000.0,0.0,0.0,0.0,0.0,0.0,0.0
0,0.0,1.0,0.0,85.0,11.0,0.0,16.0,0.0,21.0,0.0,2.0,0.0,0.0,0.0,0.0,78.0,9905.0,10000.0,0.0,0.0,0.0,0.0,0.0,0.0
0,0.0,13.0,0.0,73.0,0.0,0.0,5.0,0.0,10.000000000000004,0.0,0.0,10.999999999999998,0.0,9.0,0.0,64.0,0.0,58.0,0.0,0.0,0.0,0.0,0.0,0.0
0,0.0,5.0,0.0,68.0,0.0,0.0,5.0,0.0,10.000000000000004,0.0,0.0,9.999999999999998,0.0,9.999999999999996,0.0,56.0,0.0,90.0,0.0,0.0,0.0,0.0,0.0,0.0
0,0.0,13.0,0.0,82.0,0.0,0.0,5.0,0.0,10.000000000000004,0.0,0.0,7.999999999999998,0.0,12.0,0.0,57.0,0.0,70.0,0.0,0.0,0.0,0.0,0.0,0.0
1,0.0,7.0,0.0,62.0,0.0,0.0,5.0,0.0,10.0,0.0,0.0,4.0,0.0,12.0,0.0,92.0,0.0,70.0,0.0,0.0,0.0,0.0,0.0,0.0
1,0.0,12.0,0.0,74.0,0.0,0.0,5.0,0.0,0.0,0.0,0.0,17.000000000000007,0.0,14.000000000000014,0.0,87.0,0.0,74.99999999999636,0.0,0.0,0.0,14.800000000000022,0.0,0.0
1,0.0,11.0,0.0,87.0,0.0,0.0,5.0,0.0,10.0,0.0,0.0,8.0,0.0,4.0,0.0,75.0,0.0,94.0,0.0,0.0,0.0,0.0,0.0,0.0
1,0.0,10.0,0.0,74.0,0.0,0.0,5.0,0.0,10.0,0.0,0.0,13.0,0.0,10.0,0.0,84.0,0.0,59.0,0.0,0.0,0.0,0.0,0.0,0.0
1,0.0,11.0,0.0,81.0,0.0,0.0,5.0,0.0,10.0,0.0,0.0,5.0,0.0,7.0,0.0,83.0,0.0,84.0,0.0,0.0,0.0,0.0,0.0,0.0
1,0.0,14.0,0.0,75.0,0.0,0.0,5.0,0.0,10.0,0.0,0.0,11.0,0.0,9.0,0.0,83.0,0.0,81.0,0.0,0.0,0.0,0.0,0.0,0.0
1,0.0,5.0,0.0,80.0,0.0,0.0,5.0,0.0,0.0,0.0,0.0,11.000000000002181,0.0,23.000000000003638,0.0,61.99999999999782,0.0,84.99999999999636,0.0,0.0,0.0,14.800000000005385,0.0,0.0
1,0.0,6.0,0.0,73.0,0.0,0.0,5.0,0.0,10.0,0.0,0.0,5.0,0.0,14.0,0.0,87.0,0.0,91.0,0.0,0.0,0.0,0.0,0.0,0.0
1,0.0,14.0,0.0,90.0,0.0,0.0,5.0,0.0,10.0,0.0,0.0,14.0,0.0,7.0,0.0,85.0,0.0,67.0,0.0,0.0,0.0,0.0,0.0,0.0
1,0.0,9.0,0.0,63.0,0.0,0.0,5.0,0.0,0.0,0.0,0.0,11.000000000002181,0.0,15.000000000003638,0.0,58.99999999999782,0.0,68.99999999999636,0.0,0.0,0.0,14.800000000005385,0.0,0.0
1,0.0,14.0,0.0,67.0,0.0,0.0,5.0,0.0,10.0,0.0,0.0,13.0,0.0,5.0,0.0,60.0,0.0,86.0,0.0,0.0,0.0,0.0,0.0,0.0
1,0.0,14.0,0.0,81.0,0.0,0.0,5.0,0.0,10.0,0.0,0.0,8.0,0.0,13.0,0.0,73.0,0.0,80.0,0.0,0.0,0.0,0.0,0.0,0.0
1,0.0,5.0,0.0,79.0,0.0,0.0,5.0,0.0,10.0,0.0,0.0,4.0,0.0,13.0,0.0,87.0,0.0,70.0,0.0,0.0,0.0,0.0,0.0,0.0
1,0.0,7.0,0.0,66.0,0.0,0.0,5.0,0.0,0.0,0.0,0.0,11.000000000002181,0.0,16.000000000003638,0.0,88.99999999999781,0.0,53.99999999999636,0.0,0.0,0.0,14.800000000005385,0.0,0.0
1,0.0,6.0,0.0,94.0,0.0,0.0,5.0,0.0,10.0,0.0,0.0,5.0,0.0,11.0,0.0,94.0,0.0,55.0,0.0,0.0,0.0,0.0,0.0,0.0
1,0.0,6.0,0.0,91.0,0.0,0.0,5.0,0.0,10.0,0.0,0.0,6.0,0.0,6.0,0.0,76.0,0.0,61.0,0.0,0.0,0.0,0.0,0.0,0.0
1,0.0,12.0,0.0,74.0,0.0,0.0,5.0,0.0,10.0,0.0,0.0,9.0,0.0,10.0,0.0,60.0,0.0,82.0,0.0,0.0,0.0,0.0,0.0,0.0
1,0.0,14.0,0.0,80.0,0.0,0.0,5.0,0.0,0.0,0.0,0.0,16.0,0.0,22.0,0.0,64.0,0.0,59.0,0.0,0.0,0.0,14.8,0.0,0.0
1,0.0,6.0,0.0,90.0,0.0,0.0,5.0,0.0,10.0,0.0,0.0,11.0,0.0,9.0,0.0,74.0,0.0,66.0,0.0,0.0,0.0,0.0,0.0,0.0
1,9987.0,10000.0,0.0,55.0,0.0,0.0,5.0,0.0,0.0,0.0,0.0,10.0,0.0,22.999999999996362,0.0,63.0,0.0,78.0,0.0,0.0,0.0,14.8,0.0,0.0
1,9988.0,10000.0,0.0,74.0,0.0,0.0,5.0,0.0,10.0,0.0,0.0,9.0,0.0,11.0,0.0,67.0,0.0,84.0,0.0,0.0,0.0,0.0,0.0,0.0
1,9987.0,10000.0,0.0,73.0,0.0,0.0,5.0,0.0,0.0,0.0,0.0,17.0,0.0,19.0,0.0,58.0,0.0,48.0,0.0,0.0,0.0,14.8,0.0,0.0
1,9995.0,10000.0,0.0,68.0,0.0,0.0,5.0,0.0,0.0,0.0,0.0,16.0,0.0,20.0,0.0,50.0,0.0,80.0,0.0,0.0,0.0,14.8,0.0,0.0
1,0.0,13.0,0.0,82.0,0.0,0.0,5.0,0.0,10.0,0.0,0.0,8.0,0.0,12.0,0.0,57.0,0.0,70.0,0.0,0.0,0.0,0.0,0.0,0.0
2,0.0,7.0,0.0,62.0,0.0,0.0,5.0,0.0,10.000000000000004,0.0,0.0,3.9999999999999982,0.0,11.999999999999996,0.0,92.0,0.0,70.0,0.0,0.0,0.0,0.0,0.0,0.0
2,9988.0,10000.0,0.0,74.0,0.0,0.0,5.0,0.0,10.0,0.0,0.0,11.0,0.0,4.0,0.0,93.0,0.0,85.0,0.0,0.0,0.0,0.0,0.0,0.0
2,0.0,11.0,0.0,87.0,0.0,0.0,5.0,0.0,10.000000000000004,0.0,0.0,7.999999999999998,0.0,3.9999999999999964,0.0,75.0,0.0,94.0,0.0,0.0,0.0,0.0,0.0,0.0
2,9990.0,10000.0,0.0,74.0,0.0,0.0,5.0,0.0,10.000000000000004,0.0,0.0,12.999999999999998,0.0,9.999999999999996,0.0,84.0,0.0,59.0,0.0,0.0,0.0,0.0,0.0,0.0
2,9989.0,10000.0,0.0,81.0,0.0,0.0,5.0,0.0,10.000000000000004,0.0,0.0,4.999999999999998,0.0,6.9999999999999964,0.0,83.0,0.0,84.0,0.0,0.0,0.0,0.0,0.0,0.0
2,0.0,14.0,0.0,75.0,0.0,0.0,5.0,0.0,0.0,0.0,0.0,16.999999999999996,0.0,18.999999999999993,0.0,77.0,0.0,71.0,0.0,0.0,0.0,14.79999999999999,0.0,0.0
2,0.0,5.0,0.0,80.0,0.0,0.0,5.0,0.0,9.999999999999998,0.0,0.0,5.000000000000005,0.0,13.000000000000002,0.0,68.0,0.0,95.0,0.0,0.0,0.0,0.0,0.0,0.0
2,9994.0,10000.0,0.0,73.0,0.0,0.0,5.0,0.0,10.0,0.0,0.0,5.000000000000002,0.0,14.0,0.0,87.0,0.0,91.0,0.0,0.0,0.0,0.0,0.0,0.0
2,9986.0,10000.0,0.0,90.0,0.0,0.0,5.0,0.0,10.0,0.0,0.0,14.000000000000002,0.0,7.0,0.0,85.0,0.0,67.0,0.0,0.0,0.0,0.0,0.0,0.0
2,2.1827872842550278e-11,9.000000000021828,0.0,63.0,0.0,0.0,5.0,0.0,10.0,0.0,0.0,5.000000000000002,0.0,5.0,0.0,65.0,0.0,79.0,0.0,0.0,0.0,0.0,0.0,0.0
2,9986.0,10000.0,0.0,67.0,0.0,0.0,5.0,0.0,10.0,0.0,0.0,13.000000000000002,0.0,5.0,0.0,60.0,0.0,86.0,0.0,0.0,0.0,0.0,0.0,0.0
2,0.0,14.0,0.0,81.0,0.0,0.0,5.0,0.0,9.999999999999998,0.0,0.0,8.000000000000005,0.0,13.000000000000002,0.0,73.0,0.0,80.0,0.0,0.0,0.0,0.0,0.0,0.0
2,9995.0,10000.0,0.0,79.0,0.0,0.0,5.0,0.0,10.000000000000004,0.0,0.0,3.9999999999999982,0.0,12.999999999999996,0.0,87.0,0.0,70.0,0.0,0.0,0.0,0.0,0.0,0.0
2,9993.0,10000.0,0.0,66.0,0.0,0.0,5.0,0.0,0.0,0.0,0.0,11.0,0.0,16.0,0.0,89.0,0.0,54.0,0.0,0.0,0.0,14.8,0.0,0.0
2,9994.0,10000.0,0.0,94.0,0.0,0.0,5.0,0.0,10.000000000000004,0.0,0.0,4.999999999999998,0.0,10.999999999999996,0.0,94.0,0.0,55.0,0.0,0.0,0.0,0.0,0.0,0.0
2,9994.0,10000.0,0.0,91.0,0.0,0.0,5.0,0.0,0.0,0.0,0.0,12.000000000000004,0.0,16.0,0.0,70.0,0.0,51.0,0.0,0.0,0.0,14.800000000000004,0.0,0.0
2,9988.0,10000.0,0.0,74.0,0.0,0.0,5.0,0.0,0.0,0.0,0.0,15.000000000000004,0.0,20.000000000000007,0.0,54.0,0.0,72.0,0.0,0.0,0.0,14.800000000000011,0.0,0.0
2,0.0,14.0,0.0,80.0,0.0,0.0,5.0,0.0,0.0,0.0,0.0,16.00000000000373,0.0,22.0,0.0,63.99999999999627,0.0,59.0,0.0,0.0,0.0,14.800000000002985,0.0,0.0
2,9994.0,10000.0,0.0,90.0,0.0,0.0,5.0,0.0,0.0,0.0,0.0,17.0,0.0,19.0,0.0,68.0,0.0,56.0,0.0,0.0,0.0,14.8,0.0,0.0
2,9987.0,10000.0,0.0,55.0,0.0,0.0,5.0,0.0,10.000000000000004,0.0,0.0,3.9999999999999982,0.0,12.999999999999996,0.0,69.0,0.0,88.0,0.0,0.0,0.0,0.0,0.0,0.0
2,0.0,12.0,0.0,74.0,0.0,0.0,5.0,0.0,10.000000000000004,0.0,0.0,8.999999999999998,0.0,10.999999999999996,0.0,67.0,0.0,84.0,0.0,0.0,0.0,0.0,0.0,0.0
2,0.0,13.0,0.0,73.0,0.0,0.0,5.0,0.0,10.000000000000004,0.0,0.0,10.999999999999998,0.0,8.999999999999996,0.0,64.0,0.0,58.0,0.0,0.0,0.0,0.0,0.0,0.0
2,9995.0,10000.0,0.0,68.0,0.0,0.0,5.0,0.0,10.0,0.0,0.0,10.000000000000002,0.0,10.0,0.0,56.0,0.0,90.0,0.0,0.0,0.0,0.0,0.0,0.0
2,9987.0,10000.0,0.0,82.0,0.0,0.0,5.0,0.0,10.0,0.0,0.0,8.0,0.0,12.0,0.0,57.0,0.0,70.0,0.0,0.0,0.0,0.0,0.0,0.0
3,0.0,7.0,0.0,62.0,0.0,0.0,5.0,0.0,10.0,0.0,0.0,4.0,9988.0,10000.0,0.0,92.0,0.0,70.0,0.0,0.0,0.0,0.0,0.0,0.0
3,0.0,12.0,0.0,74.0,0.0,0.0,5.0,0.0,10.0,0.0,0.0,11.0,9996.0,10000.0,0.0,93.0,0.0,85.0,0.0,0.0,0.0,0.0,0.0,0.0
3,0.0,11.0,0.0,87.0,0.0,0.0,5.0,0.0,10.0,0.0,0.0,8.000000000000002,0.0,4.0,0.0,75.0,0.0,94.0,0.0,0.0,0.0,0.0,0.0,0.0
3,0.0,10.0,0.0,74.0,0.0,0.0,5.0,0.0,0.0,0.0,0.0,19.000000000000007,0.0,20.00000000000001,0.0,78.0,0.0,48.999999999999986,0.0,0.0,0.0,14.800000000000018,0.0,0.0
3,0.0,11.0,0.0,81.0,0.0,0.0,5.0,0.0,10.0,0.0,0.0,5.0,0.0,7.0,0.0,83.0,0.0,84.0,0.0,0.0,0.0,0.0,0.0,0.0
3,0.0,14.0,0.0,75.0,0.0,0.0,5.0,0.0,10.0,0.0,0.0,11.0,9991.0,10000.0,0.0,83.0,0.0,81.0,0.0,0.0,0.0,0.0,0.0,0.0
3,0.0,5.0,0.0,80.0,0.0,0.0,5.0,0.0,10.0,0.0,0.0,5.0,0.0,13.0,0.0,68.0,0.0,95.0,0.0,0.0,0.0,0.0,0.0,0.0
3,0.0,6.0,0.0,73.0,0.0,0.0,5.0,0.0,10.0,0.0,9995.0,10000.0,0.0,14.0,0.0,87.0,0.0,91.0,0.0,0.0,0.0,0.0,0.0,0.0
3,0.0,14.0,0.0,90.0,0.0,0.0,5.0,0.0,10.0,0.0,0.0,14.0,0.0,7.0,0.0,85.0,0.0,67.0,0.0,0.0,0.0,0.0,0.0,0.0
3,0.0,4.0,0.0,68.0,5.0,0.0,10.0,0.0,15.0,0.0,0.0,0.0,0.0,0.0,0.0,70.0,0.0,84.0,0.0,0.0,0.0,0.0,0.0,0.0
3,9986.0,10000.0,0.0,67.0,0.0,0.0,5.0,0.0,10.0,0.0,9987.0,10000.0,0.0,5.0,0.0,60.0,0.0,86.0,0.0,0.0,0.0,0.0,0.0,0.0
3,9986.0,10000.0,0.0,81.0,0.0,0.0,5.0,0.0,10.0,0.0,0.0,8.0,9987.0,10000.0,0.0,73.0,0.0,80.0,0.0,0.0,0.0,0.0,0.0,0.0
3,9995.0,9999.999999999998,0.0,79.0,0.0,0.0,5.0,0.0,0.0,0.0,0.0,10.000000000000007,0.0,23.00000000000001,0.0,81.0,0.0,59.999999999999986,0.0,0.0,0.0,14.800000000000015,0.0,0.0
3,0.0,7.0,0.0,66.0,0.0,0.0,5.0,0.0,0.0,0.0,0.0,11.000000000000007,0.0,16.00000000000001,0.0,89.0,0.0,53.999999999999986,0.0,0.0,0.0,14.800000000000015,0.0,0.0
3,9994.0,10000.0,0.0,94.0,0.0,0.0,5.0,0.0,10.0,0.0,0.0,5.0,0.0,11.0,0.0,94.0,0.0,55.0,0.0,0.0,0.0,0.0,0.0,0.0
3,9994.0,10000.0,0.0,91.0,0.0,0.0,5.0,0.0,10.0,0.0,0.0,6.0,0.0,6.0,0.0,76.0,0.0,61.0,0.0,0.0,0.0,0.0,0.0,0.0
3,0.0,12.0,0.0,74.0,0.0,0.0,5.0,0.0,0.0,0.0,9985.0,10000.0,0.0,20.000000000000007,0.0,54.0,0.0,72.0,0.0,0.0,0.0,14.800000000000011,0.0,0.0
3,0.0,14.0,0.0,80.0,0.0,0.0,5.0,0.0,10.0,0.0,0.0,10.0,9988.0,10000.0,0.0,70.0,0.0,69.0,0.0,0.0,0.0,0.0,0.0,0.0
3,0.0,6.0,0.0,90.0,0.0,0.0,5.0,0.0,10.0,0.0,9989.0,10000.0,9991.0,10000.0,0.0,74.0,0.0,66.0,0.0,0.0,0.0,0.0,0.0,0.0
3,0.0,13.0,0.0,55.0,0.0,0.0,5.0,0.0,10.0,0.0,9996.0,10000.0,0.0,13.0,0.0,69.0,0.0,88.0,0.0,0.0,0.0,0.0,0.0,0.0
3,0.0,12.0,0.0,74.0,0.0,0.0,5.0,0.0,0.0,0.0,0.0,15.000000000000004,0.0,21.000000000000007,0.0,61.0,0.0,74.0,0.0,0.0,0.0,14.800000000000011,0.0,0.0
3,0.0,13.0,0.0,73.0,0.0,0.0,5.0,0.0,0.0,0.0,0.0,17.0,9981.0,10000.0,0.0,58.0,0.0,48.0,0.0,0.0,0.0,14.8,0.0,0.0
3,0.0,5.0,0.0,68.0,0.0,0.0,5.0,0.0,0.0,0.0,9984.0,10000.0,9980.0,10000.0,0.0,50.0,0.0,80.0,0.0,0.0,0.0,14.8,0.0,0.0
3,0.0,13.0,0.0,82.0,0.0,0.0,5.0,0.0,10.0,0.0,0.0,8.0,0.0,12.0,0.0,57.0,0.0,70.0,0.0,0.0,0.0,0.0,0.0,0.0
4,0.0,7.0,0.0,62.0,0.0,0.0,5.0,0.0,10.000000000000004,0.0,0.0,4.0000000000000036,0.0,11.999999999999996,0.0,92.0,0.0,70.0,0.0,0.0,0.0,0.0,0.0,0.0
4,0.0,11.999999999996362,0.0,74.0,0.0,0.0,5.0,0.0,0.0,0.0,0.0,17.000000000000206,0.0,14.000000000000355,0.0,86.9999999999998,0.0,74.99999999998545,0.0,0.0,0.0,14.80000000000052,0.0,9.68732772234886e-15
4,0.0,10.999999999996362,0.0,87.0,0.0,0.0,5.0,0.0,10.000000000000002,0.0,0.0,7.999999999999998,0.0,3.9999999999999982,0.0,75.0,0.0,94.0,0.0,0.0,0.0,0.0,0.0,0.0
4,0.0,9.999999999996362,0.0,74.0,0.0,0.0,5.0,0.0,10.0,0.0,0.0,13.0,0.0,10.0,0.0,84.0,0.0,59.0,0.0,0.0,0.0,0.0,0.0,-0.0
4,0.0,10.999999999996362,0.0,81.0,0.0,0.0,5.0,0.0,10.000000000000266,0.0,0.0,5.000000000000928,9993.0,10000.0,0.0,82.99999999999908,0.0,84.00000000000024,0.0,0.0,0.0,0.0,0.0,0.0
4,0.0,14.0,0.0,75.0,0.0,0.0,5.0,0.0,10.0,0.0,0.0,11.0,0.0,9.0,0.0,83.0,0.0,81.0,0.0,0.0,0.0,-0.0,0.0,0.0
4,0.0,4.999999999996362,0.0,80.0,0.0,0.0,5.0,0.0,0.0,0.0,0.0,11.000000000000643,0.0,22.999999999996362,0.0,61.999999999999304,0.0,84.99999999997726,0.0,0.0,0.0,14.80000000000087,0.0,0.0
4,0.0,5.999999999996362,0.0,73.0,0.0,0.0,5.0,0.0,10.000000000000004,0.0,0.0,5.0000000000000036,0.0,13.999999999999996,0.0,87.0,0.0,91.0,0.0,0.0,0.0,0.0,0.0,0.0
4,9993.0,10000.0,0.0,97.0,7.0,0.0,12.0,0.0,17.0,0.0,0.0,7.0,0.0,0.0,0.0,92.0,0.0,74.0,0.0,0.0,0.0,0.0,0.0,0.0
4,0.0,9.0,0.0,63.0,0.0,0.0,5.0,0.0,0.0,0.0,0.0,11.000000000000547,0.0,14.999999999996362,0.0,58.999999999999346,0.0,68.999999999985,0.0,0.0,0.0,14.800000000000795,0.0,0.0
4,0.0,13.999999999996362,0.0,67.0,0.0,0.0,5.0,0.0,10.000000000000004,0.0,0.0,13.000000000000004,0.0,4.9999999999999964,0.0,60.0,0.0,86.0,0.0,0.0,0.0,0.0,0.0,0.0
4,0.0,13.999999999996362,0.0,81.0,0.0,0.0,5.0,0.0,10.0,0.0,0.0,8.0,0.0,13.0,0.0,73.0,0.0,80.0,0.0,0.0,0.0,0.0,0.0,0.0
4,0.0,4.999999999996362,0.0,79.0,0.0,0.0,5.0,0.0,10.000000000004153,0.0,0.0,3.9999999999929763,0.0,12.99999999999584,0.0,87.0,0.0,70.00000000000412,0.0,0.0,0.0,0.0,0.0,0.0
4,0.0,6.999999999996362,0.0,66.0,0.0,0.0,5.0,0.0,0.0,0.0,0.0,11.000000000000455,0.0,15.999999999996362,0.0,88.99999999999947,0.0,53.99999999998363,0.0,0.0,0.0,14.80000000000072,0.0,0.0
4,0.0,5.999999999996362,0.0,94.0,0.0,0.0,5.0,0.0,10.0,0.0,0.0,5.0,0.0,11.0,0.0,94.0,0.0,55.0,0.0,0.0,0.0,0.0,0.0,0.0
4,0.0,5.999999999996362,0.0,91.0,0.0,0.0,5.0,0.0,0.0,0.0,9988.0,10000.0,0.0,16.000000000000355,0.0,69.99999999999955,0.0,50.99999999998727,0.0,0.0,0.0,14.800000000000658,0.0,0.0
4,0.0,11.999999999996362,0.0,74.0,0.0,0.0,5.0,0.0,10.000000000000252,0.0,0.0,9.000000000000766,9990.0,10000.0,0.0,59.99999999999845,0.0,82.00000000000023,0.0,0.0,0.0,0.0,0.0,0.0
4,0.0,14.0,0.0,80.0,0.0,0.0,5.0,0.0,0.0,0.0,0.0,16.000000000000004,0.0,22.0,0.0,64.0,0.0,59.0,0.0,0.0,0.0,14.800000000000002,0.0,0.0
4,0.0,6.0,0.0,90.0,0.0,0.0,5.0,0.0,10.0,0.0,0.0,11.0,0.0,9.0,0.0,74.0,0.0,66.0,0.0,0.0,0.0,0.0,0.0,0.0
4,0.0,13.0,0.0,55.0,0.0,0.0,5.0,0.0,10.000000000000004,0.0,0.0,4.0000000000000036,0.0,12.999999999999996,0.0,69.0,0.0,88.0,0.0,0.0,0.0,0.0,0.0,0.0
4,0.0,12.0,0.0,74.0,0.0,0.0,5.0,0.0,10.000000000000004,0.0,0.0,9.000000000000004,0.0,10.999999999999996,0.0,67.0,0.0,84.0,0.0,0.0,0.0,0.0,0.0,0.0
4,0.0,13.0,0.0,73.0,0.0,0.0,5.0,0.0,10.000000000000004,0.0,0.0,11.000000000000004,9991.0,10000.0,0.0,64.0,0.0,58.0,0.0,0.0,0.0,0.0,0.0,0.0
4,0.0,5.0,0.0,68.0,0.0,0.0,5.0,0.0,10.000000000000004,0.0,0.0,10.000000000000004,0.0,9.999999999999996,0.0,56.0,0.0,90.0,0.0,0.0,0.0,0.0,0.0,0.0
4,0.0,13.0,0.0,82.0,0.0,0.0,5.0,0.0,10.0,0.0,0.0,8.0,0.0,12.0,0.0,57.0,0.0,70.0,0.0,0.0,0.0,0.0,0.0,0.0
5,0.0,7.0,0.0,62.0,0.0,0.0,5.0,0.0,10.0,0.0,0.0,4.0,0.0,12.0,0.0,92.0,0.0,70.0,0.0,0.0,0.0,0.0,0.0,0.0
5,0.0,12.0,0.0,74.0,0.0,0.0,5.0,0.0,10.0,0.0,9989.0,10000.0,9996.0,10000.0,0.0,93.0,0.0,85.0,0.0,0.0,0.0,0.0,0.0,0.0
5,0.0,11.0,0.0,87.0,0.0,0.0,5.0,0.0,0.0,0.0,0.0,14.00000000000001,9986.0,10000.0,0.0,68.99999999999999,0.0,83.99999999999999,0.0,0.0,0.0,14.800000000000022,0.0,0.0
5,0.0,10.0,0.0,74.0,0.0,0.0,5.0,0.0,10.0,0.0,0.0,13.0,0.0,10.0,0.0,84.0,0.0,59.0,0.0,0.0,0.0,0.0,0.0,0.0
5,0.0,11.0,0.0,81.0,0.0,0.0,5.0,0.0,3.6415315207705135e-12,0.0,0.0,10.99999999999784,0.0,16.99999999999636,0.0,77.00000000000216,0.0,74.00000000000364,0.0,0.0,0.0,14.79999999999463,0.0,0.0
5,0.0,14.0,0.0,75.0,0.0,0.0,5.0,0.0,10.0,0.0,0.0,11.0,0.0,9.0,0.0,83.0,0.0,81.0,0.0,0.0,0.0,0.0,0.0,0.0
5,0.0,5.0,0.0,80.0,0.0,0.0,5.0,0.0,10.0,0.0,0.0,5.0,0.0,13.0,0.0,68.0,0.0,95.0,0.0,0.0,0.0,0.0,0.0,0.0
5,0.0,6.0,0.0,73.0,0.0,0.0,5.0,0.0,10.0,0.0,0.0,5.0,0.0,14.0,0.0,87.0,0.0,91.0,0.0,0.0,0.0,0.0,0.0,0.0
5,0.0,14.0,0.0,90.0,0.0,0.0,5.0,0.0,10.0,0.0,0.0,14.0,0.0,7.0,0.0,85.0,0.0,67.0,0.0,0.0,0.0,0.0,0.0,0.0
5,9991.0,10000.0,0.0,63.0,0.0,0.0,5.0,0.0,10.0,0.0,0.0,5.0,0.0,5.0,0.0,65.0,0.0,79.0,0.0,0.0,0.0,0.0,0.0,0.0
5,0.0,14.0,0.0,67.0,0.0,0.0,5.0,0.0,10.0,0.0,9987.0,10000.0,0.0,5.0,0.0,60.0,0.0,86.0,0.0,0.0,0.0,0.0,0.0,0.0
5,9986.0,10000.0,0.0,81.0,0.0,0.0,5.0,0.0,10.0,0.0,0.0,8.0,0.0,13.0,0.0,73.0,0.0,80.0,0.0,0.0,0.0,0.0,0.0,0.0
5,9995.0,10000.0,0.0,79.0,0.0,0.0,5.0,0.0,9.999999999999998,0.0,0.0,4.000000000000001,0.0,13.000000000000002,0.0,87.0,0.0,70.0,0.0,0.0,0.0,0.0,0.0,0.0
5,0.0,7.0,0.0,66.0,0.0,0.0,5.0,0.0,0.0,0.0,0.0,11.000000000000007,0.0,16.00000000000001,0.0,89.0,0.0,53.999999999999986,0.0,0.0,0.0,14.800000000000015,0.0,0.0
5,0.0,6.0,0.0,94.0,0.0,0.0,5.0,0.0,10.0,0.0,0.0,5.0,9989.0,10000.0,0.0,94.0,0.0,55.0,0.0,0.0,0.0,0.0,0.0,0.0
5,0.0,6.0,0.0,91.0,0.0,0.0,5.0,0.0,10.0,0.0,0.0,6.0,9994.0,10000.0,0.0,76.0,0.0,61.0,0.0,0.0,0.0,0.0,0.0,0.0
5,0.0,12.0,0.0,74.0,0.0,0.0,5.0,0.0,0.0,0.0,9985.0,10000.0,9980.0,10000.0,0.0,53.999999999999986,0.0,71.99999999999999,0.0,0.0,0.0,14.800000000000022,0.0,0.0
5,0.0,14.0,0.0,80.0,0.0,0.0,5.0,0.0,10.0,0.0,0.0,10.0,9988.0,10000.0,0.0,70.0,0.0,69.0,0.0,0.0,0.0,0.0,0.0,0.0
5,0.0,6.0,0.0,90.0,0.0,0.0,5.0,0.0,10.0,0.0,9989.0,10000.0,9991.0,10000.0,0.0,74.0,0.0,66.0,0.0,0.0,0.0,0.0,0.0,0.0
5,0.0,13.0,0.0,55.0,0.0,0.0,5.0,0.0,0.0,0.0,9990.0,10000.0,0.0,23.000000000000007,0.0,63.0,0.0,78.0,0.0,0.0,0.0,14.800000000000011,0.0,0.0
5,0.0,12.0,0.0,74.0,0.0,0.0,5.0,0.0,10.0,0.0,0.0,9.0,0.0,11.0,0.0,67.0,0.0,84.0,0.0,0.0,0.0,0.0,0.0,0.0
5,0.0,13.0,0.0,73.0,0.0,0.0,5.0,0.0,10.0,0.0,0.0,11.0,0.0,9.0,0.0,64.0,0.0,58.0,0.0,0.0,0.0,0.0,0.0,0.0
5,0.0,5.0,0.0,68.0,0.0,0.0,5.0,0.0,9.999932450931313,0.0,0.0,10.000040529441213,0.0,10.000067549068687,0.0,55.999959470558785,0.0,89.99993245093131,0.0,0.0,0.0,9.997262165705565e-05,0.0,0.0
5,0.0,13.0,0.0,82.0,0.0,0.0,5.0,0.0,10.000000000000004,0.0,9992.0,10000.0,9988.0,10000.0,0.0,57.0,0.0,70.0,0.0,0.0,0.0,0.0,0.0,0.0
6,0.0,7.0,0.0,62.0,0.0,0.0,5.0,0.0,10.000000000000004,0.0,9996.0,10000.0,0.0,11.999999999999996,0.0,92.0,0.0,70.0,0.0,0.0,0.0,0.0,0.0,0.0
6,9988.0,10000.0,0.0,74.0,0.0,0.0,5.0,0.0,10.000000000000004,0.0,0.0,10.999999999999998,0.0,3.9999999999999964,0.0,93.0,0.0,85.0,0.0,0.0,0.0,0.0,0.0,0.0
6,9989.0,10000.0,0.0,87.0,0.0,0.0,5.0,0.0,10.000000000000004,0.0,0.0,7.999999999999998,0.0,3.9999999999999964,0.0,75.0,0.0,94.0,0.0,0.0,0.0,0.0,0.0,0.0
6,0.0,10.0,0.0,74.0,0.0,0.0,5.0,0.0,3.645084234449314e-12,0.0,0.0,18.999999999997836,0.0,19.999999999996355,0.0,78.00000000000216,0.0,49.000000000003645,0.0,5.456968210637569e-14,0.0,14.79999999999458,0.0,0.0
6,0.0,11.0,0.0,81.0,0.0,0.0,5.0,0.0,10.000000000000004,0.0,0.0,4.999999999999998,0.0,6.9999999999999964,0.0,83.0,0.0,84.0,0.0,0.0,0.0,0.0,0.0,0.0
6,0.0,14.0,0.0,75.0,0.0,0.0,5.0,0.0,0.0,0.0,0.0,16.999999999999993,0.0,19.0,0.0,77.0,0.0,71.0,0.0,0.0,0.0,14.799999999999994,0.0,0.0
6,0.0,4.999999999996358,0.0,80.0,7.105427357601002e-15,0.0,5.000000000000007,0.0,10.000000000000007,0.0,0.0,4.999999999999993,0.0,12.999999999999993,0.0,68.0,0.0,95.0,0.0,0.0,0.0,0.0,0.0,0.0
6,0.0,6.0000000000000036,0.0,73.0,0.0,0.0,5.0,0.0,10.000000000000004,0.0,0.0,4.999999999999998,0.0,13.999999999999996,0.0,87.0,0.0,91.0,0.0,0.0,0.0,0.0,0.0,0.0
6,0.0,14.0,0.0,90.0,0.0,0.0,5.0,0.0,10.0,0.0,0.0,14.0,0.0,7.0,0.0,85.0,0.0,67.0,0.0,0.0,0.0,0.0,0.0,0.0
6,9991.0,10000.0,0.0,63.0,0.0,0.0,5.0,0.0,10.000000000000004,0.0,0.0,4.999999999999998,0.0,4.9999999999999964,0.0,65.0,0.0,79.0,0.0,0.0,0.0,0.0,0.0,0.0
6,9986.0,10000.0,0.0,67.0,0.0,0.0,5.0,0.0,10.0,0.0,0.0,13.0,0.0,4.999999999999998,0.0,60.0,0.0,86.0,0.0,0.0,0.0,0.0,0.0,0.0
6,0.0,14.0,0.0,81.0,0.0,0.0,5.0,0.0,10.0,0.0,0.0,8.0,0.0,13.0,0.0,73.0,0.0,80.0,0.0,0.0,0.0,0.0,0.0,0.0
6,9995.0,10000.0,0.0,79.0,0.0,0.0,4.999999999999995,0.0,9.999999999999996,0.0,0.0,4.0000000000000036,9987.0,10000.0,0.0,87.0,0.0,70.0,0.0,0.0,0.0,0.0,0.0,0.0
6,9993.0,10000.0,0.0,66.0,0.0,0.0,5.0,0.0,0.0,0.0,0.0,11.000000000000007,0.0,16.00000000000001,0.0,89.0,0.0,53.999999999999986,0.0,0.0,0.0,14.800000000000018,0.0,0.0
6,0.0,6.0,0.0,94.0,0.0,0.0,5.0,0.0,10.0,0.0,0.0,5.0,9989.0,10000.0,9906.0,10000.0,0.0,55.0,0.0,0.0,0.0,0.0,0.0,0.0
6,9994.0,10000.0,0.0,91.0,0.0,0.0,5.0,0.0,10.000000000000004,0.0,0.0,5.999999999999998,0.0,5.9999999999999964,0.0,76.0,0.0,61.0,0.0,0.0,0.0,0.0,0.0,0.0
6,0.0,12.0,0.0,74.0,0.0,0.0,5.0,0.0,3.637978807091713e-12,0.0,0.0,14.999999999997819,9980.000000000004,10000.0,0.0,54.00000000000218,0.0,72.00000000000364,0.0,0.0,0.0,14.799999999994617,0.0,0.0
6,9986.0,10000.0,0.0,80.0,0.0,0.0,5.0,0.0,10.000000000000004,0.0,0.0,9.999999999999998,0.0,11.999999999999996,0.0,70.0,0.0,69.0,0.0,0.0,0.0,0.0,0.0,0.0
6,0.0,6.0,0.0,90.0,0.0,0.0,5.0,0.0,0.0,0.0,0.0,17.000000000000004,0.0,19.000000000000007,0.0,68.0,0.0,55.99999999999999,0.0,0.0,0.0,14.800000000000011,0.0,0.0
6,0.0,13.0,0.0,55.0,0.0,0.0,5.0,0.0,0.0,0.0,9990.0,10000.0,9977.0,10000.0,0.0,63.0,0.0,78.0,0.0,0.0,0.0,14.800000000000011,0.0,0.0
6,0.0,12.0,0.0,74.0,0.0,0.0,5.0,0.0,10.000000000000004,0.0,0.0,8.999999999999998,0.0,11.0,0.0,67.0,0.0,84.0,0.0,0.0,0.0,0.0,0.0,0.0
6,0.0,13.0,0.0,73.0,0.0,0.0,5.0,0.0,10.000000000000004,0.0,0.0,10.999999999999998,0.0,8.999999999999996,0.0,64.0,0.0,58.0,0.0,0.0,0.0,0.0,0.0,0.0
6,0.0,5.0,0.0,68.0,0.0,0.0,5.0,0.0,10.000000000000004,0.0,9990.0,10000.0,9990.0,10000.0,0.0,56.0,0.0,90.0,0.0,0.0,0.0,0.0,0.0,0.0
6,0.0,13.0,0.0,82.0,0.0,0.0,5.0,0.0,10.000000000000004,0.0,9992.0,10000.0,9988.0,10000.0,0.0,57.0,0.0,70.0,0.0,0.0,0.0,0.0,0.0,0.0
7,0.0,7.0,0.0,62.0,0.0,0.0,5.0,0.0,10.0,0.0,9996.0,10000.0,0.0,12.0,0.0,92.0,0.0,70.0,0.0,0.0,0.0,0.0,0.0,0.0
7,0.0,12.0,0.0,74.0,0.0,0.0,5.0,0.0,10.0,0.0,0.0,11.0,0.0,4.0,0.0,93.0,0.0,85.0,0.0,0.0,0.0,0.0,0.0,0.0
7,9989.0,10000.0,0.0,87.0,0.0,0.0,5.0,0.0,10.0,0.0,0.0,8.0,9996.0,10000.0,0.0,75.0,0.0,94.0,0.0,0.0,0.0,0.0,0.0,0.0
7,0.0,10.0,0.0,74.0,0.0,0.0,5.0,0.0,10.0,0.0,9987.0,10000.0,0.0,10.0,0.0,84.0,0.0,59.0,0.0,0.0,0.0,0.0,0.0,0.0
7,0.0,11.0,0.0,81.0,0.0,0.0,5.0,0.0,10.0,0.0,0.0,5.0,0.0,7.0,0.0,83.0,0.0,84.0,0.0,0.0,0.0,0.0,0.0,0.0
7,0.0,14.0,0.0,75.0,0.0,0.0,5.0,0.0,10.0,0.0,0.0,11.0,0.0,9.0,0.0,83.0,0.0,81.0,0.0,0.0,0.0,0.0,0.0,0.0
7,0.0,5.0,0.0,80.0,0.0,0.0,5.0,0.0,10.0,0.0,0.0,5.0,0.0,13.0,0.0,68.0,0.0,95.0,0.0,0.0,0.0,0.0,0.0,0.0
7,0.0,6.0,0.0,73.0,0.0,0.0,5.0,0.0,0.0,0.0,0.0,11.000000000002181,0.0,24.000000000003638,0.0,80.99999999999781,0.0,80.99999999999636,0.0,0.0,0.0,14.800000000005385,0.0,0.0
7,0.0,14.0,0.0,90.0,0.0,0.0,5.0,0.0,9.999999999999998,0.0,0.0,14.000000000000005,0.0,7.000000000000002,0.0,85.0,0.0,67.0,0.0,0.0,0.0,0.0,0.0,0.0
7,9991.0,10000.0,0.0,63.0,0.0,0.0,5.0,0.0,10.0,0.0,0.0,4.999999999999999,0.0,5.0,0.0,65.0,0.0,79.0,0.0,0.0,0.0,0.0,0.0,0.0
7,0.0,14.0,0.0,67.0,0.0,0.0,5.0,0.0,0.0,0.0,0.0,19.00000000000218,0.0,15.000000000003638,0.0,53.99999999999782,0.0,75.99999999999636,0.0,0.0,0.0,14.800000000005385,0.0,0.0
7,9994.0,10000.0,0.0,89.0,8.0,0.0,13.0,0.0,18.0,0.0,0.0,0.0,0.0,5.0,0.0,81.0,0.0,88.0,0.0,0.0,0.0,0.0,0.0,0.0
7,0.0,5.0,0.0,79.0,0.0,0.0,5.0,0.0,10.0,0.0,0.0,3.9999999999999987,0.0,13.0,0.0,87.0,0.0,70.0,0.0,0.0,0.0,0.0,0.0,0.0
7,0.0,7.0,0.0,66.0,0.0,0.0,5.0,0.0,0.0,0.0,0.0,11.000000000002181,0.0,16.000000000003638,0.0,88.99999999999781,0.0,53.99999999999636,0.0,0.0,0.0,14.800000000005385,0.0,0.0
7,0.0,6.0,0.0,94.0,0.0,0.0,5.0,0.0,10.0,0.0,0.0,5.0,9989.0,10000.0,0.0,94.0,0.0,55.0,0.0,0.0,0.0,0.0,0.0,0.0
7,0.0,6.0,0.0,91.0,0.0,0.0,5.0,0.0,9.999999999999998,0.0,0.0,6.000000000000005,0.0,6.000000000000002,0.0,76.0,0.0,61.0,0.0,0.0,0.0,0.0,0.0,0.0
7,0.0,12.0,0.0,74.0,0.0,0.0,5.0,0.0,0.0,0.0,0.0,15.000000000000007,0.0,20.000000000000014,0.0,53.99999999999999,0.0,71.99999999999636,0.0,0.0,0.0,14.800000000000022,0.0,0.0
7,9986.0,10000.0,0.0,80.0,0.0,0.0,5.0,0.0,9.999999999999998,0.0,9990.0,10000.0,0.0,12.000000000000002,0.0,70.0,0.0,69.0,0.0,0.0,0.0,0.0,0.0,0.0
7,0.0,6.0,0.0,90.0,0.0,0.0,5.0,0.0,10.0,0.0,0.0,11.0,9991.0,10000.0,0.0,74.0,0.0,66.0,0.0,0.0,0.0,0.0,0.0,0.0
7,0.0,13.0,0.0,55.0,0.0,0.0,5.0,0.0,9.999999999999998,0.0,0.0,4.000000000000005,0.0,13.000000000000002,0.0,69.0,0.0,88.0,0.0,0.0,0.0,0.0,0.0,0.0
7,0.0,12.0,0.0,74.0,0.0,0.0,5.0,0.0,9.999999999999998,0.0,0.0,9.000000000000005,0.0,11.000000000000002,0.0,67.0,0.0,84.0,0.0,0.0,0.0,0.0,0.0,0.0
7,0.0,13.0,0.0,73.0,0.0,0.0,5.0,0.0,10.0,0.0,0.0,11.0,0.0,9.0,0.0,64.0,0.0,58.0,0.0,0.0,0.0,0.0,0.0,0.0
7,0.0,5.0,0.0,68.0,0.0,0.0,5.0,0.0,9.999999999999998,0.0,0.0,10.000000000000005,0.0,10.0,0.0,55.99999999999999,0.0,90.0,0.0,0.0,0.0,0.0,0.0,0.0
7,0.0,13.0,0.0,82.0,0.0,0.0,5.0,0.0,10.000000000000004,0.0,9992.0,10000.0,0.0,11.999999999999996,0.0,57.0,0.0,70.0,0.0,0.0,0.0,0.0,0.0,0.0
8,0.0,7.0,0.0,62.0,0.0,0.0,5.0,0.0,10.000000000000004,0.0,9996.0,10000.0,9988.0,10000.0,0.0,92.0,0.0,70.0,0.0,0.0,0.0,0.0,0.0,0.0
8,0.0,11.999999999996362,0.0,74.0,0.0,0.0,5.0,0.0,10.000000000030695,0.0,9988.999999999962,10000.0,0.0,3.9999999999693046,0.0,92.99999999996152,0.0,85.0000000000307,0.0,0.0,0.0,0.0,0.0,0.0
8,0.0,10.999999999996362,0.0,87.0,0.0,0.0,5.0,0.0,10.000000000000002,0.0,0.0,8.0,0.0,3.9999999999999982,0.0,75.0,0.0,94.0,0.0,0.0,0.0,0.0,0.0,0.0
8,0.0,9.999999999996362,0.0,74.0,0.0,0.0,5.0,0.0,10.000000000000004,0.0,0.0,13.000000000000004,0.0,9.999999999999996,0.0,84.0,0.0,59.0,0.0,0.0,0.0,0.0,0.0,0.0
8,0.0,10.999999999996362,0.0,81.0,0.0,0.0,5.0,0.0,0.0,0.0,0.0,11.0,0.0,17.0,0.0,77.0,0.0,74.0,0.0,0.0,0.0,14.8,0.0,0.0
8,0.0,13.999999999996362,0.0,75.0,0.0,0.0,5.0,0.0,10.000000000000169,0.0,0.0,10.999999999999485,0.0,8.999999999999831,0.0,83.00000000000045,0.0,81.00000000000017,0.0,0.0,0.0,0.0,0.0,0.0
8,0.0,5.000000000000002,0.0,80.0,0.0,0.0,5.0,0.0,10.0,0.0,0.0,5.0,0.0,13.0,0.0,68.0,0.0,95.0,0.0,0.0,0.0,0.0,0.0,0.0
8,0.0,6.0000000000000036,0.0,73.0,0.0,0.0,5.0,0.0,10.000000000000004,0.0,0.0,5.0000000000000036,9986.0,10000.0,0.0,87.0,0.0,91.0,0.0,0.0,0.0,0.0,0.0,0.0
8,0.0,13.999999999996362,0.0,90.0,0.0,0.0,5.0,0.0,9.99999999992396,0.0,0.0,14.000000000064775,0.0,7.0000000000760405,0.0,84.99999999993523,0.0,66.99999999992396,0.0,0.0,0.0,0.0,0.0,0.0
8,0.0,9.000000000000004,0.0,63.0,0.0,0.0,5.0,0.0,10.000000000000002,0.0,0.0,4.999999999999998,0.0,4.999999999999998,0.0,65.0,0.0,79.0,0.0,0.0,0.0,0.0,0.0,0.0
8,0.0,13.999999999996362,0.0,67.0,0.0,0.0,5.0,0.0,10.000000000000222,0.0,0.0,13.000000000000277,0.0,4.999999999999777,0.0,59.99999999999972,0.0,86.00000000000023,0.0,0.0,0.0,0.0,0.0,0.0
8,0.0,13.999999999996362,0.0,81.0,0.0,0.0,5.0,0.0,0.0,0.0,0.0,13.999999999999915,0.0,22.999999999996362,0.0,67.00000000000006,0.0,69.99999999999636,0.0,0.0,0.0,14.800000000000088,0.0,0.0
8,0.0,4.999999999996362,0.0,79.0,0.0,0.0,5.0,0.0,10.0,0.0,0.0,4.0,0.0,13.0,0.0,87.0,0.0,70.0,0.0,0.0,0.0,0.0,0.0,0.0
8,0.0,7.0000000000000036,0.0,66.0,0.0,0.0,5.0,0.0,10.0,0.0,9995.0,10000.0,9994.0,10000.0,0.0,95.0,0.0,64.0,0.0,0.0,0.0,0.0,0.0,0.0
8,0.0,6.0000000000000036,0.0,94.0,0.0,0.0,5.0,0.0,0.0,0.0,0.0,11.000000000002217,0.0,21.000000000003638,0.0,87.99999999999778,0.0,44.99999999999636,0.0,0.0,0.0,14.800000000005259,0.0,0.0
8,0.0,5.999999999996362,0.0,91.0,0.0,0.0,5.0,0.0,10.0,0.0,0.0,6.0,0.0,6.0,0.0,76.0,0.0,61.0,0.0,0.0,0.0,0.0,0.0,0.0
8,0.0,12.0,0.0,74.0,0.0,0.0,5.0,0.0,0.0,0.0,0.0,15.000000000000007,9980.0,10000.0,0.0,53.99999999999999,0.0,71.99999999999636,0.0,0.0,0.0,14.800000000000022,0.0,0.0
8,9986.0,10000.0,0.0,80.0,0.0,0.0,5.0,0.0,10.000000000000169,0.0,0.0,10.000000000000211,0.0,11.999999999999831,0.0,69.99999999999979,0.0,69.00000000000017,0.0,0.0,0.0,0.0,0.0,0.0
8,0.0,6.0,0.0,90.0,0.0,0.0,5.0,0.0,0.0,0.0,9983.0,10000.0,9981.0,10000.0,0.0,68.0,0.0,56.0,0.0,0.0,0.0,14.8,0.0,0.0
8,0.0,13.0,0.0,55.0,0.0,0.0,5.0,0.0,10.000000000000004,0.0,9996.0,10000.0,0.0,13.0,0.0,69.0,0.0,88.0,0.0,0.0,0.0,0.0,0.0,0.0
8,0.0,12.0,0.0,74.0,0.0,0.0,5.0,0.0,10.000000000000004,0.0,0.0,9.000000000000004,9989.0,10000.0,0.0,67.0,0.0,84.0,0.0,0.0,0.0,0.0,0.0,0.0
8,0.0,13.0,0.0,73.0,0.0,0.0,5.0,0.0,10.000000000000004,0.0,0.0,11.000000000000004,9991.0,10000.0,0.0,64.0,0.0,58.0,0.0,0.0,0.0,0.0,0.0,0.0
8,0.0,5.0,0.0,68.0,0.0,0.0,5.0,0.0,0.0,0.0,9984.0,10000.0,0.0,20.0,0.0,50.0,0.0,80.0,0.0,0.0,0.0,14.8,0.0,0.0
8,0.0,13.0,0.0,82.0,0.0,0.0,5.0,0.0,10.000000000000004,0.0,9992.0,10000.0,9988.0,10000.0,0.0,57.0,0.0,70.0,0.0,0.0,0.0,0.0,0.0,0.0
9,9993.0,10000.0,0.0,62.0,0.0,0.0,5.0,0.0,10.0,0.0,0.0,4.0,9988.0,10000.0,0.0,92.0,0.0,70.0,0.0,0.0,0.0,0.0,0.0,0.0
9,9988.0,10000.0,0.0,74.0,0.0,0.0,5.0,0.0,9.999999999999998,0.0,0.0,11.000000000000005,0.0,4.000000000000002,0.0,93.0,0.0,85.0,0.0,0.0,0.0,0.0,0.0,0.0
9,9989.0,10000.0,0.0,87.0,0.0,0.0,5.0,0.0,9.999999999999998,0.0,0.0,8.000000000000005,0.0,4.000000000000002,0.0,75.0,0.0,94.0,0.0,0.0,0.0,0.0,0.0,0.0
9,0.0,10.0,0.0,74.0,0.0,0.0,5.0,0.0,0.0,0.0,0.0,19.0,0.0,20.0,0.0,78.0,0.0,49.0,0.0,0.0,0.0,14.8,0.0,0.0
9,0.0,11.0,0.0,81.0,0.0,0.0,5.0,0.0,10.0,0.0,0.0,5.0,9993.0,10000.0,0.0,83.0,0.0,84.0,0.0,0.0,0.0,0.0,0.0,0.0
9,0.0,14.0,0.0,75.0,0.0,0.0,5.0,0.0,10.0,0.0,0.0,11.0,0.0,9.0,0.0,83.0,0.0,81.0,0.0,0.0,0.0,0.0,0.0,0.0
9,0.0,5.0,0.0,80.0,0.0,0.0,5.0,0.0,10.0,0.0,0.0,5.0,0.0,13.0,0.0,68.0,0.0,95.0,0.0,0.0,0.0,0.0,0.0,0.0
9,0.0,6.0,0.0,73.0,0.0,0.0,5.0,0.0,10.0,0.0,0.0,5.0,0.0,14.0,0.0,87.0,0.0,91.0,0.0,0.0,0.0,0.0,0.0,0.0
9,0.0,14.0,0.0,90.0,0.0,0.0,5.0,0.0,10.0,0.0,0.0,14.0,0.0,7.0,0.0,85.0,0.0,67.0,0.0,0.0,0.0,0.0,0.0,0.0
9,0.0,9.0,0.0,63.0,0.0,0.0,5.0,0.0,10.0,0.0,0.0,5.0,0.0,5.0,0.0,65.0,0.0,79.0,0.0,0.0,0.0,0.0,0.0,0.0
9,0.0,14.0,0.0,67.0,0.0,0.0,5.0,0.0,9.999999999999998,0.0,0.0,13.000000000000005,0.0,5.000000000000002,0.0,59.99999999999999,0.0,86.0,0.0,0.0,0.0,0.0,0.0,0.0
9,0.0,14.0,0.0,81.0,0.0,0.0,5.0,0.0,10.0,0.0,0.0,8.0,0.0,13.0,0.0,73.0,0.0,80.0,0.0,0.0,0.0,0.0,0.0,0.0
9,0.0,5.0,0.0,79.0,0.0,0.0,5.0,0.0,0.0,0.0,0.0,10.0,0.0,23.0,0.0,81.0,0.0,60.0,0.0,0.0,0.0,14.8,0.0,0.0
9,0.0,7.0,0.0,66.0,0.0,0.0,5.0,0.0,0.0,0.0,0.0,11.000000000000007,9984.0,10000.0,0.0,89.0,0.0,53.99999999999636,0.0,0.0,0.0,14.800000000000022,0.0,0.0
9,0.0,6.0,0.0,94.0,0.0,0.0,5.0,0.0,9.999999999999998,0.0,0.0,5.000000000000005,0.0,11.000000000000002,0.0,94.0,0.0,55.0,0.0,0.0,0.0,0.0,0.0,0.0
9,0.0,6.0,0.0,91.0,0.0,0.0,5.0,0.0,10.0,0.0,0.0,6.0,0.0,6.0,0.0,76.0,0.0,61.0,0.0,0.0,0.0,0.0,0.0,0.0
9,0.0,12.0,0.0,74.0,0.0,0.0,5.0,0.0,0.0,0.0,9985.0,10000.0,9980.0,10000.0,0.0,53.99999999999999,0.0,71.99999999999636,0.0,0.0,0.0,14.800000000000022,0.0,0.0
9,9986.0,10000.0,0.0,80.0,0.0,0.0,5.0,0.0,10.0,0.0,0.0,10.0,0.0,12.0,0.0,70.0,0.0,69.0,0.0,0.0,0.0,0.0,0.0,0.0
9,9994.0,10000.0,0.0,90.0,0.0,0.0,5.0,0.0,10.0,0.0,9989.0,10000.0,0.0,9.0,0.0,74.0,0.0,66.0,0.0,0.0,0.0,0.0,0.0,0.0
9,0.0,13.0,0.0,55.0,0.0,0.0,5.0,0.0,10.0,0.0,0.0,4.0,9987.0,10000.0,0.0,69.0,0.0,88.0,0.0,0.0,0.0,0.0,0.0,0.0
9,9988.0,10000.0,0.0,74.0,0.0,0.0,5.0,0.0,10.0,0.0,0.0,9.0,9989.0,10000.0,0.0,67.0,0.0,84.0,0.0,0.0,0.0,0.0,0.0,0.0
9,0.0,13.0,0.0,73.0,0.0,0.0,5.0,0.0,10.0,0.0,0.0,11.0,9991.0,10000.0,0.0,64.0,0.0,58.0,0.0,0.0,0.0,0.0,0.0,0.0
9,9995.0,10000.0,0.0,68.0,0.0,0.0,5.0,0.0,10.0,0.0,0.0,10.0,0.0,10.0,0.0,56.0,0.0,90.0,0.0,0.0,0.0,0.0,0.0,0.0
9,0.0,13.0,0.0,82.0,0.0,0.0,5.0,0.0,10.000000000000004,0.0,9992.0,10000.0,9988.0,10000.0,0.0,57.0,0.0,70.0,0.0,0.0,0.0,0.0,0.0,0.0
10,0.0,7.0,0.0,62.0,0.0,0.0,5.0,0.0,10.0,0.0,0.0,4.0,0.0,12.0,0.0,92.0,0.0,70.0,0.0,0.0,0.0,0.0,0.0,0.0
10,0.0,12.000000000000007,0.0,74.0,0.0,0.0,5.0,0.0,10.0,0.0,9989.0,10000.0,0.0,4.0,0.0,93.0,0.0,85.0,0.0,0.0,0.0,0.0,0.0,0.0
10,0.0,10.999999999996362,0.0,87.0,0.0,0.0,5.0,0.0,9.999999999999998,0.0,0.0,8.0,0.0,4.000000000000002,0.0,75.0,0.0,94.0,0.0,0.0,0.0,0.0,0.0,0.0
10,0.0,10.000000000000004,0.0,74.0,0.0,0.0,5.0,0.0,9.999999999999998,0.0,0.0,13.000000000000005,0.0,10.000000000000002,0.0,84.0,0.0,59.0,0.0,0.0,0.0,0.0,0.0,0.0
10,0.0,10.999999999996362,0.0,81.0,0.0,0.0,5.0,0.0,10.0,0.0,0.0,5.0,9993.0,10000.0,0.0,83.0,0.0,84.0,0.0,0.0,0.0,0.0,0.0,0.0
10,0.0,14.000000000000007,0.0,75.0,0.0,0.0,5.0,0.0,10.000000000000071,0.0,0.0,11.000000000000089,0.0,8.999999999999929,0.0,82.99999999999991,0.0,81.00000000000007,0.0,0.0,0.0,0.0,0.0,0.0
10,0.0,4.999999999996362,0.0,80.0,0.0,0.0,5.0,0.0,0.0,0.0,0.0,11.00000000000221,0.0,23.000000000003638,0.0,61.99999999999779,0.0,84.99999999999636,0.0,0.0,0.0,14.800000000005408,0.0,0.0
10,0.0,6.0,0.0,73.0,0.0,0.0,5.0,0.0,10.0,0.0,0.0,5.0,9986.0,10000.0,0.0,87.0,0.0,91.0,0.0,0.0,0.0,0.0,0.0,0.0
10,0.0,14.000000000000007,0.0,90.0,0.0,0.0,5.0,0.0,10.0,0.0,0.0,14.0,0.0,7.0,0.0,85.0,0.0,67.0,0.0,0.0,0.0,0.0,0.0,0.0
10,0.0,9.0,0.0,63.0,0.0,0.0,5.0,0.0,0.0,0.0,0.0,11.000000000002181,0.0,15.000000000003638,0.0,58.99999999999782,0.0,68.99999999999636,0.0,0.0,0.0,14.800000000005385,0.0,0.0
10,0.0,14.0,0.0,67.0,0.0,0.0,5.0,0.0,10.0,0.0,0.0,13.0,0.0,5.0,0.0,60.0,0.0,86.0,0.0,0.0,0.0,0.0,0.0,0.0
10,9994.0,10000.0,0.0,89.0,8.0,0.0,13.0,0.0,18.0,0.0,0.0,0.0,0.0,5.0,0.0,81.0,0.0,88.0,0.0,0.0,0.0,0.0,0.0,0.0
10,0.0,5.000000000000002,0.0,79.0,0.0,0.0,5.0,0.0,9.999999999999998,0.0,0.0,4.000000000000005,0.0,13.000000000000002,0.0,87.0,0.0,70.0,0.0,0.0,0.0,0.0,0.0,0.0
10,0.0,7.0000000000000036,0.0,66.0,0.0,0.0,5.0,0.0,10.0,0.0,9995.0,10000.0,0.0,6.0,0.0,95.0,0.0,64.0,0.0,0.0,0.0,0.0,0.0,0.0
10,0.0,6.0,0.0,94.0,0.0,0.0,5.0,0.0,0.0,0.0,0.0,11.000000000000007,0.0,21.000000000000014,0.0,88.0,0.0,44.99999999999636,0.0,0.0,0.0,14.800000000000022,0.0,0.0
10,0.0,6.0000000000000036,0.0,91.0,0.0,0.0,5.0,0.0,10.0,0.0,8.658586041858747,14.658586041858747,0.0,6.0,0.0,76.0,0.0,61.0,0.0,0.0,0.0,0.0,0.0,0.0
10,0.0,12.0,0.0,74.0,0.0,0.0,5.0,0.0,0.0,0.0,0.0,14.999999999997819,9980.000000000004,10000.0,0.0,54.00000000000218,0.0,72.0,0.0,0.0,0.0,14.799999999994617,0.0,0.0
10,0.0,14.0,0.0,80.0,0.0,0.0,5.0,0.0,9.999999999999996,0.0,9990.0,10000.0,0.0,12.000000000000004,0.0,70.0,0.0,69.0,0.0,0.0,0.0,0.0,0.0,0.0
10,0.0,6.0,0.0,90.0,0.0,0.0,5.0,0.0,10.0,0.0,0.0,11.0,0.0,9.0,0.0,74.0,0.0,66.0,0.0,0.0,0.0,0.0,0.0,0.0
10,0.0,13.0,0.0,55.0,0.0,0.0,5.0,0.0,10.0,0.0,0.0,4.0,0.0,13.0,0.0,69.0,0.0,88.0,0.0,0.0,0.0,0.0,0.0,0.0
10,0.0,12.0,0.0,74.0,0.0,0.0,5.0,0.0,10.0,0.0,0.0,9.0,9989.0,10000.0,0.0,67.0,0.0,84.0,0.0,0.0,0.0,0.0,0.0,0.0
10,0.0,13.0,0.0,73.0,0.0,0.0,5.0,0.0,10.0,0.0,0.0,11.0,0.0,9.0,0.0,64.0,0.0,58.0,0.0,0.0,0.0,0.0,0.0,0.0
10,0.0,5.0,0.0,68.0,0.0,0.0,5.0,0.0,0.0,0.0,0.0,16.0,0.0,20.0,0.0,50.0,0.0,80.0,0.0,0.0,0.0,14.8,0.0,0.0
10,0.0,13.0,0.0,82.0,0.0,0.0,5.0,0.0,10.000000000000004,0.0,9992.0,10000.0,0.0,12.0,0.0,57.0,0.0,70.0,0.0,0.0,0.0,0.0,0.0,0.0
11,0.0,7.0,0.0,62.0,0.0,0.0,5.0,0.0,10.0,0.0,0.0,4.0,0.0,12.0,0.0,92.0,0.0,70.0,0.0,0.0,0.0,0.0,0.0,0.0
11,0.0,12.0,0.0,74.0,0.0,0.0,5.0,0.0,10.0,0.0,0.0,11.0,9996.0,10000.0,0.0,93.0,0.0,85.0,0.0,0.0,0.0,0.0,0.0,0.0
11,9989.0,10000.0,0.0,87.0,0.0,0.0,5.0,0.0,10.0,0.0,0.0,8.0,0.0,4.0,0.0,75.0,0.0,94.0,0.0,0.0,0.0,0.0,0.0,0.0
11,0.0,10.0,0.0,74.0,0.0,0.0,5.0,0.0,10.0,0.0,0.0,13.0,0.0,10.0,0.0,84.0,0.0,59.0,0.0,0.0,0.0,0.0,0.0,0.0
11,0.0,11.0,0.0,81.0,0.0,0.0,5.0,0.0,10.0,0.0,0.0,5.0,0.0,7.0,0.0,83.0,0.0,84.0,0.0,0.0,0.0,0.0,0.0,0.0
11,0.0,14.0,0.0,75.0,0.0,0.0,5.0,0.0,9.999999999999998,0.0,0.0,11.000000000000005,9991.0,10000.0,0.0,83.0,0.0,81.0,0.0,0.0,0.0,0.0,0.0,0.0
11,0.0,5.0,0.0,80.0,0.0,0.0,5.0,0.0,10.0,0.0,0.0,4.999999999999999,0.0,13.0,0.0,68.0,0.0,95.0,0.0,0.0,0.0,0.0,0.0,0.0
11,0.0,6.0,0.0,73.0,0.0,0.0,5.0,0.0,9.999999999999998,0.0,9995.0,10000.0,0.0,14.000000000000002,0.0,87.0,0.0,91.0,0.0,0.0,0.0,0.0,0.0,0.0
11,0.0,14.0,0.0,90.0,0.0,0.0,5.0,0.0,0.0,0.0,9980.0,10000.0,0.0,17.0,0.0,79.0,0.0,57.0,0.0,0.0,0.0,14.8,0.0,0.0
11,0.0,9.0,0.0,63.0,0.0,0.0,5.0,0.0,9.999999999999998,0.0,0.0,5.000000000000005,0.0,5.000000000000002,0.0,65.0,0.0,79.0,0.0,0.0,0.0,0.0,0.0,0.0
11,9991.0,10000.0,0.0,72.0,4.999999999999998,0.0,9.999999999999998,0.0,14.999999999999998,0.0,0.0,8.000000000000002,0.0,0.0,0.0,65.0,0.0,91.0,0.0,0.0,0.0,0.0,0.0,0.0
11,9986.0,10000.0,0.0,81.0,0.0,0.0,5.0,0.0,0.0,0.0,0.0,14.000000000000007,0.0,23.000000000000014,0.0,67.0,0.0,69.99999999999636,0.0,0.0,0.0,14.800000000000022,0.0,0.0
11,0.0,5.0,0.0,79.0,0.0,0.0,5.0,0.0,9.999999999999998,0.0,0.0,4.000000000000001,0.0,13.000000000000002,0.0,87.0,0.0,70.0,0.0,0.0,0.0,0.0,0.0,0.0
11,0.0,7.0,0.0,66.0,0.0,0.0,5.0,0.0,10.0,0.0,9995.0,10000.0,0.0,6.0,0.0,95.0,0.0,64.0,0.0,0.0,0.0,0.0,0.0,0.0
11,0.0,6.0,0.0,94.0,0.0,0.0,5.0,0.0,0.0,0.0,0.0,11.0,9979.0,10000.0,0.0,88.0,0.0,45.0,0.0,0.0,0.0,14.8,0.0,0.0
11,9994.0,10000.0,0.0,91.0,0.0,0.0,5.0,0.0,10.0,0.0,9994.0,10000.0,0.0,6.0,0.0,76.0,0.0,61.0,0.0,0.0,0.0,0.0,0.0,0.0
11,9988.0,10000.0,0.0,74.0,0.0,0.0,5.0,0.0,0.0,0.0,9985.000000000002,10000.0,0.0,19.999999999996362,0.0,54.00000000000218,0.0,72.0,0.0,0.0,0.0,14.799999999994617,0.0,0.0
11,0.0,14.0,0.0,80.0,0.0,0.0,5.0,0.0,10.0,0.0,9990.0,10000.0,0.0,12.0,0.0,70.0,0.0,69.0,0.0,0.0,0.0,0.0,0.0,0.0
11,0.0,6.0,0.0,90.0,0.0,0.0,5.0,0.0,10.0,0.0,0.0,11.0,9991.0,10000.0,0.0,74.0,0.0,66.0,0.0,0.0,0.0,0.0,0.0,0.0
11,0.0,13.0,0.0,55.0,0.0,0.0,5.0,0.0,10.0,0.0,9996.0,10000.0,0.0,13.0,0.0,69.0,0.0,88.0,0.0,0.0,0.0,0.0,0.0,0.0
11,9988.0,10000.0,0.0,74.0,0.0,0.0,5.0,0.0,0.0,0.0,0.0,15.0,9979.0,10000.0,0.0,61.0,0.0,74.0,0.0,0.0,0.0,14.8,0.0,0.0
11,0.0,13.0,0.0,73.0,0.0,0.0,5.0,0.0,10.0,0.0,9989.0,10000.0,0.0,9.0,0.0,64.0,0.0,58.0,0.0,0.0,0.0,0.0,0.0,0.0
11,0.0,5.0,0.0,68.0,0.0,0.0,5.0,0.0,10.0,0.0,0.0,10.0,9990.0,10000.0,0.0,56.0,0.0,90.0,0.0,0.0,0.0,0.0,0.0,0.0
11,0.0,13.0,0.0,82.0,0.0,0.0,5.0,0.0,10.000000000000004,0.0,9992.0,10000.0,0.0,11.999999999999996,0.0,57.0,0.0,70.0,0.0,0.0,0.0,0.0,0.0,0.0
12,0.0,7.0,0.0,62.0,0.0,0.0,5.0,0.0,10.0,0.0,9996.0,10000.0,0.0,12.0,0.0,92.0,0.0,70.0,0.0,0.0,0.0,0.0,0.0,0.0
12,0.0,12.0,0.0,74.0,0.0,0.0,5.0,0.0,0.0,0.0,9983.0,10000.0,9986.0,10000.0,0.0,86.99999999999999,0.0,74.99999999999999,0.0,0.0,0.0,14.800000000000022,0.0,0.0
12,0.0,11.0,0.0,87.0,0.0,0.0,5.0,0.0,10.0,0.0,0.0,8.0,0.0,4.0,0.0,75.0,0.0,94.0,0.0,0.0,0.0,0.0,0.0,0.0
12,0.0,10.0,0.0,74.0,0.0,0.0,5.0,0.0,10.0,0.0,0.0,13.0,0.0,10.0,0.0,84.0,0.0,59.0,0.0,0.0,0.0,0.0,0.0,0.0
12,0.0,11.0,0.0,81.0,0.0,0.0,5.0,0.0,3.647096548462869e-12,0.0,0.0,10.999999999997847,0.0,16.99999999999635,0.0,77.00000000000216,0.0,74.00000000000365,0.0,9.094947017729283e-14,0.0,14.799999999994558,0.0,0.0
12,0.0,14.0,0.0,75.0,0.0,0.0,5.0,0.0,10.0,0.0,0.0,11.0,9991.0,10000.0,0.0,83.0,0.0,81.0,0.0,0.0,0.0,0.0,0.0,0.0
12,0.0,4.999999999996361,0.0,80.0,0.0,0.0,5.0,0.0,10.0,0.0,0.0,5.0,0.0,13.0,0.0,68.0,0.0,95.0,0.0,0.0,0.0,0.0,0.0,0.0
12,0.0,6.0,0.0,73.0,0.0,0.0,5.0,0.0,10.0,0.0,9995.0,10000.0,0.0,14.0,0.0,87.0,0.0,91.0,0.0,0.0,0.0,0.0,0.0,0.0
12,0.0,14.0,0.0,90.0,0.0,0.0,5.0,0.0,10.0,0.0,0.0,14.0,0.0,7.0,0.0,85.0,0.0,67.0,0.0,0.0,0.0,0.0,0.0,0.0
12,9991.0,10000.0,0.0,63.0,0.0,0.0,4.9999999999999964,0.0,9.999999999999996,0.0,0.0,5.000000000000003,0.0,5.0000000000000036,0.0,65.0,0.0,79.0,0.0,0.0,0.0,0.0,0.0,0.0
12,9986.000000000002,10000.000000000002,0.0,67.0,0.0,0.0,5.0,0.0,0.0,0.0,0.0,19.0,0.0,15.0,0.0,54.0,0.0,76.0,0.0,0.0,0.0,14.800000000000002,0.0,0.0
12,9986.0,10000.0,0.0,81.0,0.0,0.0,5.0,0.0,10.0,0.0,0.0,8.0,9987.0,10000.0,0.0,73.0,0.0,80.0,0.0,0.0,0.0,0.0,0.0,0.0
12,0.0,5.000000000000002,0.0,79.0,0.0,0.0,5.0,0.0,10.0,0.0,0.0,4.0,9987.0,10000.0,0.0,87.0,0.0,70.0,0.0,0.0,0.0,0.0,0.0,0.0
12,9993.0,10000.0,0.0,66.0,0.0,0.0,5.0,0.0,10.0,0.0,0.0,5.0,0.0,6.0,0.0,95.0,0.0,64.0,0.0,0.0,0.0,0.0,0.0,0.0
12,0.0,6.0,0.0,94.0,0.0,0.0,5.0,0.0,10.0,0.0,0.0,5.0,0.0,11.0,0.0,94.0,0.0,55.0,0.0,0.0,0.0,0.0,0.0,0.0
12,9994.0,10000.0,0.0,91.0,0.0,0.0,5.0,0.0,0.0,0.0,9988.0,10000.0,0.0,16.00000000000001,0.0,70.0,0.0,50.999999999999986,0.0,0.0,0.0,14.800000000000018,0.0,0.0
12,0.0,12.0,0.0,74.0,0.0,0.0,5.0,0.0,0.0,0.0,0.0,15.00000000000001,0.0,20.000000000000018,0.0,53.999999999999986,0.0,71.99999999999999,0.0,0.0,0.0,14.800000000000022,0.0,0.0
12,0.0,14.0,0.0,80.0,0.0,0.0,5.0,0.0,0.0,0.0,0.0,16.0,9978.0,10000.0,0.0,64.0,0.0,59.0,0.0,0.0,0.0,14.8,0.0,0.0
12,9994.0,10000.0,0.0,90.0,0.0,0.0,5.0,0.0,10.0,0.0,0.0,11.0,0.0,9.0,0.0,74.0,0.0,66.0,0.0,0.0,0.0,0.0,0.0,0.0
12,0.0,13.0,0.0,55.0,0.0,0.0,5.0,0.0,10.0,0.0,0.0,4.0,9987.0,10000.0,0.0,69.0,0.0,88.0,0.0,0.0,0.0,0.0,0.0,0.0
12,9988.0,10000.0,0.0,74.0,0.0,0.0,5.0,0.0,10.0,0.0,0.0,9.0,9989.0,10000.0,0.0,67.0,0.0,84.0,0.0,0.0,0.0,0.0,0.0,0.0
12,0.0,13.0,0.0,73.0,0.0,0.0,5.0,0.0,0.0,0.0,0.0,17.0,0.0,19.0,0.0,58.0,0.0,48.0,0.0,0.0,0.0,14.8,0.0,0.0
12,9995.0,10000.0,0.0,68.0,0.0,0.0,5.0,0.0,10.0,0.0,9990.0,10000.0,0.0,10.0,0.0,56.0,0.0,90.0,0.0,0.0,0.0,0.0,0.0,0.0
12,9987.0,10000.0,0.0,82.0,0.0,0.0,5.0,0.0,10.000000000000004,0.0,9992.0,10000.0,0.0,12.0,0.0,57.0,0.0,70.0,0.0,0.0,0.0,0.0,0.0,0.0
13,0.0,7.0,0.0,62.0,0.0,0.0,5.0,0.0,10.000000000000004,0.0,0.0,3.9999999999999982,0.0,12.0,0.0,92.0,0.0,70.0,0.0,0.0,0.0,0.0,0.0,0.0
13,0.0,12.0,0.0,74.0,0.0,0.0,5.0,0.0,10.000000000000004,0.0,0.0,10.999999999999998,0.0,3.9999999999999964,0.0,93.0,0.0,85.0,0.0,0.0,0.0,0.0,0.0,0.0
13,0.0,11.0,0.0,87.0,0.0,0.0,5.0,0.0,10.000000000000004,0.0,0.0,7.999999999999998,0.0,3.9999999999999964,0.0,75.0,0.0,94.0,0.0,0.0,0.0,0.0,0.0,0.0
13,0.0,10.0,0.0,74.0,0.0,0.0,5.0,0.0,3.647096548462869e-12,0.0,9981.000000000002,10000.0,0.0,19.999999999996355,0.0,78.00000000000216,0.0,49.000000000003645,0.0,0.0,0.0,14.799999999994624,0.0,0.0
13,0.0,11.0,0.0,81.0,0.0,0.0,5.0,0.0,10.000000000000004,0.0,0.0,4.999999999999998,0.0,6.9999999999999964,0.0,83.0,0.0,84.0,0.0,0.0,0.0,0.0,0.0,0.0
13,0.0,14.0,0.0,75.0,0.0,0.0,5.0,0.0,10.000000000000004,0.0,0.0,10.999999999999998,0.0,8.999999999999996,0.0,83.0,0.0,81.0,0.0,0.0,0.0,0.0,0.0,0.0
13,0.0,5.0,0.0,80.0,0.0,0.0,5.0,0.0,10.000000000000004,0.0,0.0,4.999999999999998,0.0,12.999999999999996,0.0,68.0,0.0,95.0,0.0,0.0,0.0,0.0,0.0,0.0
13,0.0,6.0,0.0,73.0,0.0,0.0,5.0,0.0,0.0,0.0,9989.0,10000.0,0.0,24.000000000000018,0.0,80.99999999999999,0.0,80.99999999999999,0.0,0.0,0.0,14.800000000000022,0.0,0.0
13,9986.0,10000.0,0.0,90.0,0.0,0.0,5.0,0.0,10.0,0.0,0.0,14.0,0.0,7.0,0.0,85.0,0.0,67.0,0.0,0.0,0.0,0.0,0.0,0.0
13,0.0,9.000000000000004,0.0,63.0,0.0,0.0,5.0,0.0,10.000000000000004,0.0,0.0,4.999999999999998,9995.0,10000.0,0.0,65.0,0.0,79.0,0.0,0.0,0.0,0.0,0.0,0.0
13,9986.0,10000.0,0.0,67.0,0.0,0.0,5.0,0.0,10.000000000000004,0.0,0.0,12.999999999999998,0.0,4.9999999999999964,0.0,60.0,0.0,86.0,0.0,0.0,0.0,0.0,0.0,0.0
13,9986.0,10000.0,0.0,81.0,0.0,0.0,5.0,0.0,10.000000000000004,0.0,0.0,7.9999999999999964,9987.0,10000.0,0.0,73.0,0.0,80.0,0.0,0.0,0.0,0.0,0.0,0.0
13,9995.0,10000.0,0.0,79.0,0.0,0.0,5.0,0.0,10.000000000000004,0.0,0.0,3.9999999999999982,9987.0,10000.0,0.0,87.0,0.0,70.0,0.0,0.0,0.0,0.0,0.0,0.0
13,9992.999999999996,9999.999999999996,0.0,66.0,0.0,0.0,5.0,0.0,3.647096548462869e-12,0.0,0.0,10.999999999997836,0.0,15.999999999996355,0.0,89.00000000000216,0.0,54.000000000003645,0.0,0.0,0.0,14.799999999994624,0.0,0.0
13,9994.0,10000.0,0.0,94.0,0.0,0.0,5.0,0.0,10.000000000000004,0.0,0.0,4.999999999999998,9989.0,10000.0,0.0,94.0,0.0,55.0,0.0,0.0,0.0,0.0,0.0,0.0
13,9994.0,10000.0,0.0,91.0,0.0,0.0,5.0,0.0,10.000000000000004,0.0,9994.0,10000.0,0.0,5.9999999999999964,0.0,76.0,0.0,61.0,0.0,0.0,0.0,0.0,0.0,0.0
13,0.0,12.0,0.0,74.0,0.0,0.0,5.0,0.0,3.637978807091713e-12,0.0,0.0,14.999999999997819,0.0,19.999999999996362,0.0,54.00000000000218,0.0,72.00000000000364,0.0,0.0,0.0,14.799999999994617,0.0,0.0
13,0.0,14.0,0.0,80.0,0.0,0.0,5.0,0.0,10.000000000000004,0.0,9990.0,10000.0,9988.0,10000.0,0.0,70.0,0.0,69.0,0.0,0.0,0.0,0.0,0.0,0.0
13,0.0,6.0,0.0,90.0,0.0,0.0,5.0,0.0,10.000000000000004,0.0,0.0,10.999999999999998,0.0,8.999999999999996,0.0,74.0,0.0,66.0,0.0,0.0,0.0,0.0,0.0,0.0
13,0.0,13.0,0.0,55.0,0.0,0.0,5.0,0.0,10.000000000000004,0.0,0.0,3.9999999999999982,9987.0,10000.0,0.0,69.0,0.0,88.0,0.0,0.0,0.0,0.0,0.0,0.0
13,0.0,12.0,0.0,74.0,0.0,0.0,5.0,0.0,10.000000000000004,0.0,9991.0,10000.0,0.0,11.0,0.0,67.0,0.0,84.0,0.0,0.0,0.0,0.0,0.0,0.0
13,0.0,13.0,0.0,73.0,0.0,0.0,5.0,0.0,10.000000000000004,0.0,0.0,10.999999999999998,0.0,9.0,0.0,64.0,0.0,58.0,0.0,0.0,0.0,0.0,0.0,0.0
13,0.0,5.0,0.0,68.0,0.0,0.0,5.0,0.0,9.999915487463191,0.0,9989.999949292478,10000.0,9989.999915487464,10000.0,0.0,55.999949292477915,0.0,89.9999154874632,0.0,0.0,0.0,0.00012507855447653019,0.0,0.0
13,0.0,13.0,0.0,82.0,0.0,0.0,5.0,0.0,10.000000000000004,0.0,0.0,7.999999999999998,9988.0,10000.0,0.0,57.0,0.0,70.0,0.0,0.0,0.0,0.0,0.0,0.0
14,9993.0,10000.0,0.0,62.0,0.0,0.0,5.0,0.0,10.000000000000004,0.0,0.0,3.9999999999999982,9988.0,10000.0,0.0,92.0,0.0,70.0,0.0,0.0,0.0,0.0,0.0,0.0
14,0.0,12.0,0.0,74.0,0.0,0.0,5.0,0.0,10.000000000000004,0.0,9989.0,10000.0,9996.0,10000.0,0.0,93.0,0.0,85.0,0.0,0.0,0.0,0.0,0.0,0.0
14,0.0,11.0,0.0,87.0,0.0,0.0,5.0,0.0,0.0,0.0,9986.0,10000.0,0.0,13.999999999996362,0.0,69.0,0.0,83.99999999999636,0.0,0.0,0.0,14.800000000000022,0.0,0.0
14,0.0,10.0,0.0,74.0,0.0,0.0,5.0,0.0,10.0,0.0,9987.0,10000.0,0.0,10.0,0.0,84.0,0.0,59.0,0.0,0.0,0.0,0.0,0.0,0.0
14,9989.0,10000.0,0.0,81.0,0.0,0.0,5.0,0.0,10.0,0.0,9995.0,10000.0,0.0,7.0,0.0,83.0,0.0,84.0,0.0,0.0,0.0,0.0,0.0,0.0
14,0.0,14.0,0.0,75.0,0.0,0.0,5.0,0.0,10.0,0.0,0.0,11.0,0.0,9.0,0.0,83.0,0.0,81.0,0.0,0.0,0.0,0.0,0.0,0.0
14,0.0,5.000000000000002,0.0,80.0,0.0,0.0,5.0,0.0,10.0,0.0,0.0,5.0,0.0,13.0,0.0,68.0,0.0,95.0,0.0,0.0,0.0,0.0,0.0,0.0
14,0.0,6.0,0.0,73.0,0.0,0.0,5.0,0.0,10.0,0.0,0.0,5.0,0.0,14.0,0.0,87.0,0.0,91.0,0.0,0.0,0.0,0.0,0.0,0.0
14,9986.0,10000.0,0.0,90.0,0.0,0.0,5.0,0.0,10.0,0.0,0.0,14.000000000000002,0.0,7.0,0.0,85.0,0.0,67.0,0.0,0.0,0.0,0.0,0.0,0.0
14,0.0,9.0,0.0,63.0,0.0,0.0,5.0,0.0,10.0,0.0,0.0,4.999999999999998,9995.0,10000.0,0.0,65.0,0.0,79.0,0.0,0.0,0.0,0.0,0.0,0.0
14,0.0,14.0,0.0,67.0,0.0,0.0,5.0,0.0,10.0,0.0,0.0,13.0,0.0,5.0,0.0,60.0,0.0,86.0,0.0,0.0,0.0,0.0,0.0,0.0
14,0.0,14.0,0.0,81.0,0.0,0.0,5.0,0.0,0.0,0.0,0.0,14.000000000002181,0.0,23.000000000003638,0.0,66.99999999999781,0.0,69.99999999999636,0.0,0.0,0.0,14.800000000005385,0.0,0.0
14,9995.0,10000.0,0.0,79.0,0.0,0.0,5.0,0.0,0.0,0.0,0.0,9.999999999995467,9976.999999999996,10000.0,0.0,81.00000000000453,0.0,59.99999999999636,0.0,0.0,0.0,14.80000000000001,0.0,0.0
14,0.0,7.0,0.0,66.0,0.0,0.0,5.0,0.0,10.0,0.0,0.0,5.0,0.0,6.0,0.0,95.0,0.0,64.0,0.0,0.0,0.0,0.0,0.0,0.0
14,0.0,6.0,0.0,94.0,0.0,0.0,5.0,0.0,10.0,0.0,0.0,5.000000000000002,9989.0,10000.0,0.0,94.0,0.0,55.0,0.0,0.0,0.0,0.0,0.0,0.0
14,0.0,6.0,0.0,91.0,0.0,0.0,5.0,0.0,0.0,0.0,9988.0,10000.0,0.0,15.999999999996362,0.0,70.0,0.0,50.99999999999636,0.0,0.0,0.0,14.800000000000022,0.0,0.0
14,0.0,12.0,0.0,74.0,0.0,0.0,5.0,0.0,0.0,0.0,0.0,15.000000000000007,0.0,20.000000000000014,0.0,53.99999999999999,0.0,71.99999999999636,0.0,0.0,0.0,14.800000000000022,0.0,0.0
14,0.0,14.0,0.0,80.0,0.0,0.0,5.0,0.0,10.000000000000004,0.0,0.0,9.999999999999998,9988.0,10000.0,0.0,70.0,0.0,69.0,0.0,0.0,0.0,0.0,0.0,0.0
14,9994.0,10000.0,0.0,90.0,0.0,0.0,5.0,0.0,0.0,0.0,0.0,17.0,9981.0,10000.0,0.0,68.0,0.0,56.0,0.0,0.0,0.0,14.8,0.0,0.0
14,0.0,13.0,0.0,55.0,0.0,0.0,5.0,0.0,0.0,0.0,9990.0,10000.0,9977.0,10000.0,0.0,63.0,0.0,78.0,0.0,0.0,0.0,14.8,0.0,0.0
14,0.0,12.0,0.0,74.0,0.0,0.0,5.0,0.0,10.0,0.0,9991.0,10000.0,0.0,11.0,0.0,67.0,0.0,84.0,0.0,0.0,0.0,0.0,0.0,0.0
14,0.0,13.0,0.0,73.0,0.0,0.0,5.0,0.0,0.0,0.0,0.0,17.0,9981.0,10000.0,0.0,58.0,0.0,48.0,0.0,0.0,0.0,14.8,0.0,0.0
14,9995.0,10000.0,0.0,68.0,0.0,0.0,5.0,0.0,10.0,0.0,9990.0,10000.0,9990.0,10000.0,0.0,56.0,0.0,90.0,0.0,0.0,0.0,0.0,0.0,0.0
14,0.0,13.0,0.0,82.0,0.0,0.0,5.0,0.0,10.000000000000004,0.0,9992.0,10000.0,0.0,12.0,0.0,57.0,0.0,70.0,0.0,0.0,0.0,0.0,0.0,0.0
15,0.0,7.0,0.0,62.0,0.0,0.0,5.0,0.0,10.0,0.0,0.0,4.0,9988.0,10000.0,0.0,92.0,0.0,70.0,0.0,0.0,0.0,0.0,0.0,0.0
15,9988.0,10000.0,0.0,74.0,0.0,0.0,5.0,0.0,10.0,0.0,9989.0,10000.0,9996.0,10000.0,0.0,93.0,0.0,85.0,0.0,0.0,0.0,0.0,0.0,0.0
15,9989.0,10000.0,0.0,87.0,0.0,0.0,5.0,0.0,10.0,0.0,0.0,8.0,0.0,4.0,0.0,75.0,0.0,94.0,0.0,0.0,0.0,0.0,0.0,0.0
15,0.0,10.0,0.0,74.0,0.0,0.0,5.0,0.0,0.0,0.0,0.0,19.000000000000007,0.0,20.00000000000001,0.0,78.0,0.0,48.999999999999986,0.0,0.0,0.0,14.800000000000018,0.0,0.0
15,9989.0,10000.0,0.0,81.0,0.0,0.0,5.0,0.0,10.0,0.0,0.0,5.0,0.0,7.0,0.0,83.0,0.0,84.0,0.0,0.0,0.0,0.0,0.0,0.0
15,0.0,14.000000000000007,0.0,75.0,0.0,0.0,5.0,0.0,10.0,0.0,0.0,11.0,9991.0,10000.0,0.0,83.0,0.0,81.0,0.0,0.0,0.0,0.0,0.0,0.0
15,9995.0,10000.0,0.0,80.0,0.0,0.0,5.0,0.0,10.0,0.0,0.0,4.999999999999998,0.0,13.0,0.0,68.0,0.0,95.0,0.0,0.0,0.0,0.0,0.0,0.0
15,9994.0,10000.0,0.0,73.0,0.0,0.0,5.0,0.0,10.0,0.0,0.0,4.999999999999998,0.0,14.0,0.0,87.0,0.0,91.0,0.0,0.0,0.0,0.0,0.0,0.0
15,9986.0,10000.0,0.0,90.0,0.0,0.0,4.9999999999999964,0.0,9.999999999999996,0.0,0.0,14.000000000000002,0.0,7.0000000000000036,0.0,85.0,0.0,67.0,0.0,0.0,0.0,0.0,0.0,0.0
15,0.0,9.0,0.0,63.0,0.0,0.0,5.0,0.0,10.0,0.0,0.0,5.0,0.0,5.0,0.0,65.0,0.0,79.0,0.0,0.0,0.0,0.0,0.0,0.0
15,0.0,14.0,0.0,67.0,0.0,0.0,5.0,0.0,0.0,0.0,0.0,19.000000000000007,0.0,15.00000000000001,0.0,53.99999999999999,0.0,75.99999999999999,0.0,0.0,0.0,14.800000000000015,0.0,0.0
15,0.0,14.0,0.0,81.0,0.0,0.0,5.0,0.0,10.0,0.0,0.0,8.0,0.0,13.0,0.0,73.0,0.0,80.0,0.0,0.0,0.0,0.0,0.0,0.0
15,9995.0,10000.0,0.0,79.0,0.0,0.0,5.0,0.0,10.0,0.0,0.0,4.0,0.0,13.0,0.0,87.0,0.0,70.0,0.0,0.0,0.0,0.0,0.0,0.0
15,0.0,7.0,0.0,66.0,0.0,0.0,5.0,0.0,10.0,0.0,0.0,5.0,9994.0,10000.0,0.0,95.0,0.0,64.0,0.0,0.0,0.0,0.0,0.0,0.0
15,9994.0,10000.0,0.0,94.0,0.0,0.0,5.0,0.0,10.0,0.0,0.0,5.0,0.0,11.0,0.0,94.0,0.0,55.0,0.0,0.0,0.0,0.0,0.0,0.0
15,9994.0,10000.0,0.0,91.0,0.0,0.0,5.0,0.0,0.0,0.0,9988.0,10000.0,0.0,16.00000000000001,0.0,70.0,0.0,50.999999999999986,0.0,0.0,0.0,14.800000000000018,0.0,0.0
15,9988.0,10000.0,0.0,74.0,0.0,0.0,5.0,0.0,3.637978807091713e-12,0.0,0.0,14.999999999997819,9980.000000000004,10000.0,0.0,54.00000000000218,0.0,72.00000000000364,0.0,0.0,0.0,14.799999999994617,0.0,0.0
15,0.0,14.0,0.0,80.0,0.0,0.0,5.0,0.0,10.0,0.0,9990.0,10000.0,0.0,12.0,0.0,70.0,0.0,69.0,0.0,0.0,0.0,0.0,0.0,0.0
15,9994.0,10000.0,0.0,90.0,0.0,0.0,5.0,0.0,0.0,0.0,0.0,17.0,9981.0,10000.0,0.0,68.0,0.0,56.0,0.0,0.0,0.0,14.8,0.0,0.0
15,0.0,13.0,0.0,55.0,0.0,0.0,5.0,0.0,10.0,0.0,9996.0,10000.0,0.0,13.0,0.0,69.0,0.0,88.0,0.0,0.0,0.0,0.0,0.0,0.0
15,9988.0,10000.0,0.0,74.0,0.0,0.0,5.0,0.0,0.0,0.0,0.0,15.000000000000004,9979.0,10000.0,0.0,61.0,0.0,74.0,0.0,0.0,0.0,14.800000000000011,0.0,0.0
15,0.0,13.0,0.0,73.0,0.0,0.0,5.0,0.0,10.0,0.0,9989.0,10000.0,9991.0,10000.0,0.0,64.0,0.0,58.0,0.0,0.0,0.0,0.0,0.0,0.0
15,9995.0,10000.0,0.0,68.0,0.0,0.0,5.0,0.0,0.0,0.0,0.0,16.0,0.0,20.0,0.0,50.0,0.0,80.0,0.0,0.0,0.0,14.8,0.0,0.0
15,9987.0,10000.0,0.0,82.0,0.0,0.0,5.0,0.0,10.000000000000004,0.0,9992.0,10000.0,0.0,11.999999999999996,0.0,57.0,0.0,70.0,0.0,0.0,0.0,0.0,0.0,0.0
16,9993.0,10000.0,0.0,62.0,0.0,0.0,5.0,0.0,10.000000000000004,0.0,0.0,3.9999999999999982,0.0,12.0,0.0,92.0,0.0,70.0,0.0,0.0,0.0,0.0,0.0,0.0
16,0.0,12.0,0.0,74.0,0.0,0.0,5.0,0.0,10.000000000000004,0.0,9989.0,10000.0,9996.0,10000.0,0.0,93.0,0.0,85.0,0.0,0.0,0.0,0.0,0.0,0.0
16,0.0,11.0,0.0,87.0,0.0,0.0,5.0,0.0,10.000000000000004,0.0,0.0,7.999999999999998,0.0,3.9999999999999964,0.0,75.0,0.0,94.0,0.0,0.0,0.0,0.0,0.0,0.0
16,0.0,10.0,0.0,74.0,0.0,0.0,5.0,0.0,10.000000000000004,0.0,0.0,12.999999999999998,0.0,9.999999999999996,0.0,84.0,0.0,59.0,0.0,0.0,0.0,0.0,0.0,0.0
16,0.0,11.0,0.0,81.0,0.0,0.0,5.0,0.0,10.000000000000004,0.0,0.0,4.999999999999997,0.0,6.9999999999999964,0.0,83.0,0.0,84.0,0.0,0.0,0.0,0.0,0.0,0.0
16,0.0,14.0,0.0,75.0,0.0,0.0,5.0,0.0,10.0,0.0,0.0,11.0,0.0,9.0,0.0,83.0,0.0,81.0,0.0,0.0,0.0,0.0,0.0,0.0
16,0.0,5.0,0.0,80.0,0.0,0.0,5.0,0.0,0.0,0.0,0.0,11.0,9977.0,10000.0,0.0,62.0,0.0,85.0,0.0,0.0,0.0,14.8,0.0,0.0
16,0.0,6.0,0.0,73.0,0.0,0.0,5.0,0.0,10.000000000000004,0.0,0.0,4.999999999999998,0.0,13.999999999999996,0.0,87.0,0.0,91.0,0.0,0.0,0.0,0.0,0.0,0.0
16,0.0,14.000000000000007,0.0,90.0,0.0,0.0,5.0,0.0,10.000000000000004,0.0,0.0,13.999999999999998,0.0,6.9999999999999964,0.0,85.0,0.0,67.0,0.0,0.0,0.0,0.0,0.0,0.0
16,0.0,9.0,0.0,63.0,0.0,0.0,5.0,0.0,10.000000000000004,0.0,0.0,4.999999999999998,0.0,4.9999999999999964,0.0,65.0,0.0,79.0,0.0,0.0,0.0,0.0,0.0,0.0
16,0.0,14.0,0.0,67.0,0.0,0.0,5.0,0.0,10.000000000000004,0.0,0.0,12.999999999999998,0.0,4.9999999999999964,0.0,60.0,0.0,86.0,0.0,0.0,0.0,0.0,0.0,0.0
16,9986.0,10000.0,0.0,81.0,0.0,0.0,5.0,0.0,10.000000000000004,0.0,0.0,7.999999999999998,0.0,12.999999999999996,0.0,73.0,0.0,80.0,0.0,0.0,0.0,0.0,0.0,0.0
16,9995.0,10000.0,0.0,79.0,0.0,0.0,5.0,0.0,10.000000000000004,0.0,0.0,3.9999999999999982,0.0,12.999999999999996,0.0,87.0,0.0,70.0,0.0,0.0,0.0,0.0,0.0,0.0
16,9993.0,10000.0,0.0,66.0,0.0,0.0,5.0,0.0,10.000000000000004,0.0,0.0,4.999999999999998,0.0,5.9999999999999964,0.0,95.0,0.0,64.0,0.0,0.0,0.0,0.0,0.0,0.0
16,0.0,6.0,0.0,94.0,0.0,0.0,5.0,0.0,0.0,0.0,9989.0,10000.0,0.0,21.000000000000007,0.0,88.0,0.0,44.99999999999999,0.0,0.0,0.0,14.800000000000011,0.0,0.0
16,0.0,6.0,0.0,91.0,0.0,0.0,5.0,0.0,10.0,0.0,0.0,6.0,0.0,6.0,0.0,76.0,0.0,61.0,0.0,0.0,0.0,0.0,0.0,0.0
16,0.0,12.0,0.0,74.0,0.0,0.0,5.0,0.0,3.637978807091713e-12,0.0,9985.000000000002,10000.0,0.0,19.999999999996362,0.0,54.00000000000218,0.0,72.00000000000364,0.0,0.0,0.0,14.799999999994617,0.0,0.0
16,0.0,14.0,0.0,80.0,0.0,0.0,5.0,0.0,0.0,0.0,0.0,16.0,0.0,22.0,0.0,64.0,0.0,59.0,0.0,0.0,0.0,14.8,0.0,0.0
16,0.0,6.0,0.0,90.0,0.0,0.0,5.0,0.0,10.000000000000004,0.0,9989.0,10000.0,9991.0,10000.0,0.0,74.0,0.0,66.0,0.0,0.0,0.0,0.0,0.0,0.0
16,0.0,13.0,0.0,55.0,0.0,0.0,5.0,0.0,0.0,0.0,0.0,10.000000000000004,0.0,23.000000000000007,0.0,63.0,0.0,78.0,0.0,0.0,0.0,14.800000000000011,0.0,0.0
16,0.0,12.0,0.0,74.0,0.0,0.0,5.0,0.0,3.552713678800501e-15,0.0,9985.0,10000.0,9979.0,10000.0,0.0,61.0,0.0,74.0,0.0,0.0,0.0,14.799999999999994,0.0,0.0
16,0.0,13.0,0.0,73.0,0.0,0.0,5.0,0.0,0.0,0.0,0.0,17.0,9981.0,10000.0,0.0,58.0,0.0,48.0,0.0,0.0,0.0,14.8,0.0,0.0
16,0.0,5.0,0.0,68.0,0.0,0.0,5.0,0.0,10.000000000000004,0.0,0.0,9.999999999999998,9990.0,10000.0,0.0,56.0,0.0,90.0,0.0,0.0,0.0,0.0,0.0,0.0
16,0.0,13.0,0.0,82.0,0.0,0.0,5.0,0.0,10.000000000000004,0.0,0.0,7.999999999999998,9988.0,10000.0,0.0,57.0,0.0,70.0,0.0,0.0,0.0,0.0,0.0,0.0
17,9993.0,10000.0,0.0,62.0,0.0,0.0,5.0,0.0,10.0,0.0,0.0,4.0,0.0,12.0,0.0,92.0,0.0,70.0,0.0,0.0,0.0,0.0,0.0,0.0
17,-2.8824580331953863e-08,11.999999967842086,0.0,74.0,0.0,0.0,5.0,0.0,9.999999999999998,0.0,9989.0,10000.0,0.0,4.000000000000002,0.0,93.0,0.0,85.0,0.0,0.0,0.0,0.0,0.0,0.0
17,9989.0,10000.0,0.0,87.0,0.0,0.0,5.0,0.0,9.999999999999998,0.0,0.0,8.000000000000005,0.0,4.000000000000002,0.0,75.0,0.0,94.0,0.0,0.0,0.0,0.0,0.0,0.0
17,9990.0,10000.0,0.0,74.0,0.0,0.0,5.0,0.0,9.999999999999998,0.0,0.0,13.000000000000005,9990.0,10000.0,0.0,84.0,0.0,59.0,0.0,0.0,0.0,0.0,0.0,0.0
17,9989.0,10000.0,0.0,81.0,0.0,0.0,5.0,0.0,9.999999999999998,0.0,0.0,5.000000000000005,0.0,7.000000000000002,0.0,83.0,0.0,84.0,0.0,0.0,0.0,0.0,0.0,0.0
17,9986.000000000002,10000.000000000002,0.0,75.0,0.0,0.0,5.0,0.0,0.0,0.0,0.0,17.0,0.0,19.0,0.0,77.0,0.0,71.0,0.0,0.0,0.0,14.8,0.0,0.0
17,9995.0,10000.0,0.0,80.0,0.0,0.0,5.0,0.0,9.999999999999998,0.0,0.0,5.000000000000005,0.0,13.000000000000002,0.0,68.0,0.0,95.0,0.0,0.0,0.0,0.0,0.0,0.0
17,9994.0,10000.0,0.0,73.0,0.0,0.0,5.0,0.0,9.999999999999998,0.0,0.0,5.000000000000005,0.0,14.000000000000002,0.0,87.0,0.0,91.0,0.0,0.0,0.0,0.0,0.0,0.0
17,9986.0,10000.0,0.0,90.0,0.0,0.0,5.0,0.0,9.999999999999998,0.0,0.0,14.000000000000005,0.0,7.000000000000002,0.0,85.0,0.0,67.0,0.0,0.0,0.0,0.0,0.0,0.0
17,9.731593308970332e-10,9.00000000097316,0.0,63.0,0.0,0.0,5.0,0.0,9.999999999999998,0.0,0.0,5.000000000000005,9995.0,10000.0,0.0,65.0,0.0,79.0,0.0,0.0,0.0,0.0,0.0,0.0
17,9986.0,10000.0,0.0,67.0,0.0,0.0,5.0,0.0,9.999999999999998,0.0,0.0,13.000000000000005,0.0,5.000000000000002,0.0,59.99999999999999,0.0,86.0,0.0,0.0,0.0,0.0,0.0,0.0
17,0.0,14.000000000000007,0.0,81.0,0.0,0.0,5.0,0.0,9.999999999999998,0.0,0.0,8.000000000000005,0.0,13.000000000000002,0.0,73.0,0.0,80.0,0.0,0.0,0.0,0.0,0.0,0.0
17,0.0,4.999999996935003,0.0,79.0,0.0,0.0,5.0,0.0,9.999999999999998,0.0,0.0,4.000000000000005,0.0,13.000000000000002,0.0,87.0,0.0,70.0,0.0,0.0,0.0,0.0,0.0,0.0
17,9993.0,10000.0,0.0,66.0,0.0,0.0,5.0,0.0,3.645084234449314e-12,0.0,0.0,10.999999999997826,0.0,15.999999999996355,0.0,89.00000000000217,0.0,54.000000000003645,0.0,0.0,0.0,14.799999999994617,0.0,0.0
17,9994.0,10000.0,0.0,94.0,0.0,0.0,5.0,0.0,9.999999999999998,0.0,0.0,5.000000000000005,0.0,11.000000000000002,0.0,94.0,0.0,55.0,0.0,0.0,0.0,0.0,0.0,0.0
17,7.225025910884142e-09,6.000000007225026,0.0,91.0,0.0,0.0,5.0,0.0,10.0,0.0,0.0,6.0,0.0,6.0,0.0,76.0,0.0,61.0,0.0,0.0,0.0,0.0,0.0,0.0
17,9988.0,10000.0,0.0,74.0,0.0,0.0,5.0,0.0,0.0,0.0,0.0,15.000000000000004,0.0,20.000000000000004,0.0,54.0,0.0,72.0,0.0,0.0,0.0,14.800000000000006,0.0,0.0
17,0.0,14.0,0.0,80.0,0.0,0.0,5.0,0.0,10.0,0.0,0.0,10.0,9988.0,10000.0,0.0,70.0,0.0,69.0,0.0,0.0,0.0,0.0,0.0,0.0
17,9994.0,10000.0,0.0,90.0,0.0,0.0,5.0,0.0,10.0,0.0,0.0,11.0,9991.0,10000.0,0.0,74.0,0.0,66.0,0.0,0.0,0.0,0.0,0.0,0.0
17,0.0,13.0,0.0,55.0,0.0,0.0,5.0,0.0,10.0,0.0,0.0,4.0,9987.0,10000.0,0.0,69.0,0.0,88.0,0.0,0.0,0.0,0.0,0.0,0.0
17,0.0,12.0,0.0,74.0,0.0,0.0,5.0,0.0,10.0,0.0,9991.0,10000.0,0.0,11.0,0.0,67.0,0.0,84.0,0.0,0.0,0.0,0.0,0.0,0.0
17,0.0,13.0,0.0,73.0,0.0,0.0,5.0,0.0,10.0,0.0,9989.0,10000.0,9991.0,10000.0,0.0,64.0,0.0,58.0,0.0,0.0,0.0,0.0,0.0,0.0
17,0.0,5.0,0.0,68.0,0.0,0.0,5.0,0.0,0.0,0.0,0.0,16.0,9980.0,10000.0,0.0,50.0,0.0,80.0,0.0,0.0,0.0,14.8,0.0,0.0
17,9987.0,10000.0,0.0,82.0,0.0,0.0,5.0,0.0,10.000000000000004,0.0,9992.0,10000.0,0.0,11.999999999999996,0.0,57.0,0.0,70.0,0.0,0.0,0.0,0.0,0.0,0.0
18,9993.0,10000.0,0.0,62.0,0.0,0.0,5.0,0.0,10.000000000000004,0.0,0.0,4.0000000000000036,0.0,12.0,0.0,92.0,0.0,70.0,0.0,0.0,0.0,0.0,0.0,0.0
18,0.0,12.000000000000007,0.0,74.0,0.0,0.0,5.0,0.0,9.999999999994449,0.0,0.0,10.99999999999306,0.0,4.000000000005551,0.0,93.00000000000693,0.0,84.99999999999444,0.0,0.0,0.0,0.0,0.0,0.0
18,0.0,11.000000000000004,0.0,87.0,0.0,0.0,5.0,0.0,0.0,0.0,0.0,14.000000000000082,9986.0,10000.0,0.0,68.99999999999987,0.0,83.99999999999636,0.0,0.0,0.0,14.799999999999862,0.0,0.0
18,0.0,10.000000000000004,0.0,74.0,0.0,0.0,5.0,0.0,9.99999999993998,0.0,0.0,13.000000000051125,0.0,10.00000000006002,0.0,83.99999999994887,0.0,58.99999999993998,0.0,0.0,0.0,0.0,0.0,0.0
18,0.0,11.000000000000004,0.0,81.0,0.0,0.0,5.0,0.0,0.0,0.0,0.0,11.000000000000082,0.0,17.000000000000014,0.0,76.99999999999989,0.0,73.99999999999636,0.0,0.0,0.0,14.800000000000084,0.0,0.0
18,0.0,14.000000000000007,0.0,75.0,0.0,0.0,5.0,0.0,10.000000000000004,0.0,0.0,11.000000000000004,0.0,8.999999999999996,0.0,83.0,0.0,81.0,0.0,0.0,0.0,0.0,0.0,0.0
18,0.0,5.000000000000002,0.0,80.0,0.0,0.0,5.0,0.0,10.000000000000004,0.0,0.0,5.0000000000000036,0.0,12.999999999999996,0.0,68.0,0.0,95.0,0.0,0.0,0.0,0.0,0.0,0.0
18,0.0,5.999999999996362,0.0,73.0,0.0,0.0,5.0,0.0,10.000000000000002,0.0,0.0,4.999999999999998,0.0,13.999999999999998,0.0,87.0,0.0,91.0,0.0,0.0,0.0,0.0,0.0,0.0
18,0.0,14.000000000000007,0.0,90.0,0.0,0.0,5.0,0.0,0.0,0.0,0.0,20.0,0.0,17.0,0.0,79.0,0.0,57.0,0.0,0.0,0.0,14.8,0.0,0.0
18,0.0,9.000000000000004,0.0,63.0,0.0,0.0,5.0,0.0,10.000000000000004,0.0,0.0,4.999999999999998,0.0,4.9999999999999964,0.0,65.0,0.0,79.0,0.0,0.0,0.0,0.0,0.0,0.0
18,0.0,14.000000000000007,0.0,67.0,0.0,0.0,5.0,0.0,10.000000000030532,0.0,0.0,13.000000000038323,0.0,4.999999999969447,0.0,59.9999999999616,0.0,86.00000000003055,0.0,0.0,0.0,0.0,0.0,0.0
18,0.0,6.0,0.0,89.0,8.0,0.0,13.0,0.0,18.0,0.0,0.0,0.0,0.0,5.0,0.0,81.0,0.0,88.0,0.0,0.0,0.0,0.0,0.0,0.0
18,0.0,4.999999999996362,0.0,79.0,0.0,0.0,5.0,0.0,10.000000000000004,0.0,0.0,4.0000000000000036,0.0,12.999999999999996,0.0,87.0,0.0,70.0,0.0,0.0,0.0,0.0,0.0,0.0
18,0.0,6.999999999996362,0.0,66.0,0.0,0.0,5.0,0.0,10.000000000000004,0.0,0.0,5.0000000000000036,0.0,5.9999999999999964,0.0,95.0,0.0,64.0,0.0,0.0,0.0,0.0,0.0,0.0
18,0.0,6.0000000000000036,0.0,94.0,0.0,0.0,5.0,0.0,10.000000000000004,0.0,0.0,5.0000000000000036,0.0,10.999999999999996,0.0,94.0,0.0,55.0,0.0,0.0,0.0,0.0,0.0,0.0
18,0.0,5.999999999985448,0.0,91.0,0.0,0.0,5.0,0.0,0.0,0.0,9988.0,10000.0,0.0,16.000000000000014,0.0,70.00000000000004,0.0,50.99999999999636,0.0,0.0,0.0,14.79999999999982,0.0,0.0
18,0.0,11.999999999996362,0.0,74.0,0.0,0.0,5.0,0.0,0.0,0.0,0.0,15.000000000000046,0.0,20.000000000000014,0.0,53.99999999999993,0.0,71.99999999999636,0.0,0.0,0.0,14.799999999999919,0.0,0.0
18,9986.0,10000.0,0.0,80.0,0.0,0.0,5.0,0.0,10.000000000000004,0.0,0.0,10.000000000000004,9988.0,10000.0,0.0,70.0,0.0,69.0,0.0,0.0,0.0,0.0,0.0,0.0
18,0.0,6.0,0.0,90.0,0.0,0.0,5.0,0.0,10.000000000000101,0.0,0.0,11.000000000000128,0.0,8.999999999999899,0.0,73.99999999999987,0.0,66.0000000000001,0.0,0.0,0.0,0.0,0.0,0.0
18,0.0,13.0,0.0,55.0,0.0,0.0,5.0,0.0,0.0,0.0,0.0,10.000000000000039,0.0,23.0,0.0,62.999999999999915,0.0,78.0,0.0,0.0,0.0,14.799999999999823,0.0,0.0
18,0.0,12.0,0.0,74.0,0.0,0.0,5.0,0.0,9.999999999999911,0.0,0.0,8.999999999999888,9989.0,10000.0,0.0,67.00000000000011,0.0,83.99999999999991,0.0,0.0,0.0,0.0,0.0,0.0
18,0.0,13.0,0.0,73.0,0.0,0.0,5.0,0.0,10.000000000000004,0.0,0.0,11.000000000000004,0.0,9.0,0.0,64.0,0.0,58.0,0.0,0.0,0.0,0.0,0.0,0.0
18,0.0,5.0,0.0,68.0,0.0,0.0,5.0,0.0,10.000000000000004,0.0,0.0,10.000000000000004,0.0,9.999999999999996,0.0,56.0,0.0,90.0,0.0,0.0,0.0,0.0,0.0,0.0
18,0.0,13.0,0.0,82.0,0.0,0.0,5.0,0.0,10.000000000000004,0.0,9992.0,10000.0,9988.0,10000.0,0.0,57.0,0.0,70.0,0.0,0.0,0.0,0.0,0.0,0.0
19,0.0,7.0,0.0,62.0,0.0,0.0,5.0,0.0,10.000000000000004,0.0,0.0,4.0000000000000036,0.0,11.999999999999996,0.0,92.0,0.0,70.0,0.0,0.0,0.0,0.0,0.0,0.0
19,0.0,12.0,0.0,74.0,0.0,0.0,5.0,0.0,0.0,0.0,9983.0,10000.0,9986.0,10000.0,0.0,87.0,0.0,74.99999999999636,0.0,0.0,0.0,14.800000000000022,0.0,0.0
19,0.0,10.999999999996362,0.0,87.0,0.0,0.0,5.0,0.0,10.000000000000004,0.0,0.0,8.000000000000004,9996.0,10000.0,0.0,75.0,0.0,94.0,0.0,0.0,0.0,0.0,0.0,0.0
19,0.0,9.999999999989086,0.0,74.0,0.0,0.0,5.0,0.0,10.000000000000004,0.0,0.0,13.000000000000004,0.0,9.999999999999996,0.0,84.0,0.0,59.0,0.0,0.0,0.0,0.0,0.0,0.0
19,0.0,11.000000000000004,0.0,81.0,0.0,0.0,5.0,0.0,9.999999999999998,0.0,0.0,4.999999999913006,0.0,7.000000000000002,0.0,83.0,0.0,84.0,0.0,0.0,0.0,0.0,0.0,0.0
19,0.0,13.999999999996362,0.0,75.0,0.0,0.0,5.0,0.0,10.0,0.0,0.0,11.0,0.0,9.0,0.0,83.0,0.0,81.0,0.0,0.0,0.0,0.0,0.0,0.0
19,0.0,5.000000000000002,0.0,80.0,0.0,0.0,5.0,0.0,10.0,0.0,0.0,5.0,0.0,13.0,0.0,68.0,0.0,95.0,0.0,0.0,0.0,0.0,0.0,0.0
19,0.0,5.999999999996362,0.0,73.0,0.0,0.0,5.0,0.0,10.000000000000036,0.0,0.0,5.000000000000045,0.0,13.999999999999945,0.0,86.99999999999996,0.0,91.00000000000003,0.0,0.0,0.0,0.0,0.0,0.0
19,0.0,2.220446049250313e-16,0.0,104.0,14.0,0.0,19.0,0.0,24.0,0.0,0.0,0.0,7.0,0.0,0.0,99.0,0.0,81.0,0.0,0.0,0.0,0.0,0.0,0.0
19,0.0,9.000000000000004,0.0,63.0,0.0,0.0,5.0,0.0,0.0,0.0,0.0,11.000000000001137,0.0,15.000000000001894,0.0,58.99999999999886,0.0,68.99999999999811,0.0,0.0,0.0,14.800000000002804,0.0,0.0
19,0.0,13.999999999996362,0.0,67.0,0.0,0.0,5.0,0.0,10.000000000000004,0.0,0.0,13.000000000000004,0.0,4.9999999999999964,0.0,60.0,0.0,86.0,0.0,0.0,0.0,0.0,0.0,0.0
19,0.0,13.999999999996362,0.0,81.0,0.0,0.0,5.0,0.0,0.0,0.0,0.0,14.0,0.0,23.000000000003638,0.0,66.99999999999778,0.0,69.99999999999636,0.0,0.0,0.0,14.799999999999933,0.0,0.0
19,0.0,4.999999999996362,0.0,79.0,0.0,0.0,5.0,0.0,10.0,0.0,0.0,4.0,0.0,13.0,0.0,87.0,0.0,70.0,0.0,0.0,0.0,0.0,0.0,0.0
19,0.0,6.99999999998181,0.0,66.0,0.0,0.0,5.0,0.0,0.0,0.0,0.0,11.000000000002231,0.0,16.0,0.0,88.99999999999777,0.0,53.99999999999636,0.0,0.0,0.0,14.800000000005276,0.0,0.0
19,0.0,5.999999999996362,0.0,94.0,0.0,0.0,5.0,0.0,10.000000000048884,0.0,0.0,5.0000000000612115,0.0,10.999999999951116,0.0,93.9999999999388,0.0,55.000000000048885,0.0,0.0,0.0,0.0,0.0,0.0
19,0.0,5.999999999996362,0.0,91.0,0.0,0.0,5.0,0.0,10.000000000030695,0.0,9993.999999999962,10000.0,9994.000000000031,10000.0,0.0,75.99999999996155,0.0,61.000000000030695,0.0,0.0,0.0,0.0,0.0,0.0
19,0.0,12.0,0.0,74.0,0.0,0.0,5.0,0.0,0.0,0.0,0.0,15.000000000000007,9980.0,10000.0,0.0,53.99999999999999,0.0,71.99999999999636,0.0,0.0,0.0,14.800000000000022,0.0,0.0
19,0.0,14.0,0.0,80.0,0.0,0.0,5.0,0.0,9.999999999999647,0.0,0.0,9.99999999999956,0.0,12.000000000000353,0.0,70.00000000000044,0.0,68.99999999999964,0.0,0.0,0.0,0.0,0.0,0.0
19,9994.0,10000.0,0.0,90.0,0.0,0.0,5.0,0.0,9.999999999999588,0.0,0.0,10.999999999999485,9991.0,10000.0,0.0,74.00000000000051,0.0,65.99999999999959,0.0,0.0,0.0,0.0,0.0,0.0
19,0.0,13.0,0.0,55.0,0.0,0.0,5.0,0.0,10.000000000000004,0.0,0.0,4.0000000000000036,0.0,13.0,0.0,69.0,0.0,88.0,0.0,0.0,0.0,0.0,0.0,0.0
19,9988.0,10000.0,0.0,74.0,0.0,0.0,5.0,0.0,10.000000000000004,0.0,9991.0,10000.0,9989.0,10000.0,0.0,67.0,0.0,84.0,0.0,0.0,0.0,0.0,0.0,0.0
19,0.0,13.0,0.0,73.0,0.0,0.0,5.0,0.0,10.000000000000004,0.0,0.0,11.000000000000004,9991.0,10000.0,0.0,64.0,0.0,58.0,0.0,0.0,0.0,0.0,0.0,0.0
19,9995.0,10000.0,0.0,68.0,0.0,0.0,5.0,0.0,0.0,0.0,0.0,16.0,0.0,20.0,0.0,50.0,0.0,80.0,0.0,0.0,0.0,14.8,0.0,0.0
19,9987.0,10000.0,0.0,82.0,0.0,0.0,5.0,0.0,10.000000000000004,0.0,9992.0,10000.0,0.0,11.999999999999996,0.0,57.0,0.0,70.0,0.0,0.0,0.0,0.0,0.0,0.0
20,0.0,7.0,0.0,62.0,0.0,0.0,5.0,0.0,10.0,0.0,0.0,4.0,0.0,12.0,0.0,92.0,0.0,70.0,0.0,0.0,0.0,0.0,0.0,0.0
20,0.0,12.0,0.0,74.0,0.0,0.0,5.0,0.0,10.0,0.0,0.0,11.0,0.0,4.0,0.0,93.0,0.0,85.0,0.0,0.0,0.0,0.0,0.0,0.0
20,0.0,11.0,0.0,87.0,0.0,0.0,5.0,0.0,10.0,0.0,0.0,8.0,0.0,4.0,0.0,75.0,0.0,94.0,0.0,0.0,0.0,0.0,0.0,0.0
20,0.0,10.0,0.0,74.0,0.0,0.0,5.0,0.0,0.0,0.0,0.0,19.000000000000007,0.0,20.00000000000001,0.0,78.0,0.0,48.999999999999986,0.0,0.0,0.0,14.800000000000018,0.0,0.0
20,0.0,11.0,0.0,81.0,0.0,0.0,5.0,0.0,10.0,0.0,9995.0,10000.0,0.0,7.0,0.0,83.0,0.0,84.0,0.0,0.0,0.0,0.0,0.0,0.0
20,0.0,14.0,0.0,75.0,0.0,0.0,5.0,0.0,10.0,0.0,0.0,11.0,0.0,9.0,0.0,83.0,0.0,81.0,0.0,0.0,0.0,0.0,0.0,0.0
20,9995.0,10000.0,0.0,80.0,0.0,0.0,5.0,0.0,10.0,0.0,0.0,5.0,0.0,13.0,0.0,68.0,0.0,95.0,0.0,0.0,0.0,0.0,0.0,0.0
20,0.0,6.0,0.0,73.0,0.0,0.0,5.0,0.0,0.0,0.0,0.0,11.00000000000001,0.0,24.000000000000018,0.0,80.99999999999999,0.0,80.99999999999999,0.0,0.0,0.0,14.800000000000022,0.0,0.0
20,10000.0,10000.0,0.0,104.0,14.0,0.0,19.0,0.0,24.0,0.0,0.0,0.0,7.0,0.0,0.0,99.0,0.0,81.0,0.0,0.0,0.0,0.0,0.0,0.0
20,9991.0,10000.0,0.0,63.0,0.0,0.0,5.0,0.0,10.0,0.0,0.0,5.0,0.0,5.0,0.0,65.0,0.0,79.0,0.0,0.0,0.0,0.0,0.0,0.0
20,0.0,14.0,0.0,67.0,0.0,0.0,5.0,0.0,0.0,0.0,0.0,19.000000000000007,0.0,15.00000000000001,0.0,53.99999999999999,0.0,75.99999999999999,0.0,0.0,0.0,14.800000000000015,0.0,0.0
20,0.0,14.0,0.0,81.0,0.0,0.0,5.0,0.0,10.0,0.0,0.0,8.0,9987.0,10000.0,0.0,73.0,0.0,80.0,0.0,0.0,0.0,0.0,0.0,0.0
20,9995.0,10000.0,0.0,79.0,0.0,0.0,5.0,0.0,10.0,0.0,0.0,4.0,9987.0,10000.0,0.0,87.0,0.0,70.0,0.0,0.0,0.0,0.0,0.0,0.0
20,9993.0,9999.999999999996,0.0,66.00000000000364,3.637978807091713e-12,0.0,5.000000000003638,0.0,10.0,0.0,0.0,4.9999999999923554,0.0,6.0,0.0,95.00000000000145,0.0,64.0,0.0,0.0,0.0,5.384208634495737e-12,0.0,0.0
20,0.0,6.0,0.0,94.0,0.0,0.0,5.0,0.0,10.0,0.0,0.0,5.0,0.0,11.0,0.0,94.0,0.0,55.0,0.0,0.0,0.0,0.0,0.0,0.0
20,9994.0,10000.0,0.0,91.0,0.0,0.0,5.0,0.0,0.0,0.0,0.0,12.000000000000007,9984.0,10000.0,0.0,70.0,0.0,50.999999999999986,0.0,0.0,0.0,14.800000000000018,0.0,0.0
20,9988.0,10000.0,0.0,74.0,0.0,0.0,5.0,0.0,3.637978807091713e-12,0.0,0.0,14.999999999997819,0.0,19.999999999996362,0.0,54.00000000000218,0.0,72.00000000000364,0.0,0.0,0.0,14.799999999994617,0.0,0.0
20,9986.0,10000.0,0.0,80.0,0.0,0.0,5.0,0.0,10.0,0.0,0.0,10.0,0.0,12.0,0.0,70.0,0.0,69.0,0.0,0.0,0.0,0.0,0.0,0.0
20,0.0,6.0,0.0,90.0,0.0,0.0,5.0,0.0,0.0,0.0,9983.0,10000.0,9981.0,10000.0,0.0,68.0,0.0,56.0,0.0,0.0,0.0,14.8,0.0,0.0
20,0.0,13.0,0.0,55.0,0.0,0.0,5.0,0.0,10.0,0.0,9996.0,10000.0,0.0,13.0,0.0,69.0,0.0,88.0,0.0,0.0,0.0,0.0,0.0,0.0
20,0.0,12.0,0.0,74.0,0.0,0.0,5.0,0.0,10.0,0.0,0.0,9.0,9989.0,10000.0,0.0,67.0,0.0,84.0,0.0,0.0,0.0,0.0,0.0,0.0
20,0.0,13.0,0.0,73.0,0.0,0.0,5.0,0.0,0.0,0.0,0.0,17.0,0.0,19.0,0.0,58.0,0.0,48.0,0.0,0.0,0.0,14.8,0.0,0.0
20,0.0,5.0,0.0,68.0,0.0,0.0,5.0,0.0,10.0,0.0,0.0,10.0,0.0,10.0,0.0,56.0,0.0,90.0,0.0,0.0,0.0,0.0,0.0,0.0
20,0.0,13.0,0.0,82.0,0.0,0.0,5.0,0.0,10.000000000000004,0.0,0.0,7.999999999999998,9988.0,10000.0,0.0,57.0,0.0,70.0,0.0,0.0,0.0,0.0,0.0,0.0
21,0.0,7.0,0.0,62.0,0.0,0.0,5.0,0.0,10.0,0.0,9996.0,10000.0,0.0,12.0,0.0,92.0,0.0,70.0,0.0,0.0,0.0,0.0,0.0,0.0
21,0.0,11.999999999996362,0.0,74.0,0.0,0.0,5.0,0.0,10.000000000000004,0.0,9989.0,10000.0,9996.0,10000.0,0.0,93.0,0.0,85.0,0.0,0.0,0.0,0.0,0.0,0.0
21,0.0,10.999999999996362,0.0,87.0,0.0,0.0,5.0,0.0,10.000000000000004,0.0,0.0,8.000000000000004,9996.0,10000.0,0.0,75.0,0.0,94.0,0.0,0.0,0.0,0.0,0.0,0.0
21,0.0,10.000000000000004,0.0,74.0,0.0,0.0,5.0,0.0,10.0,0.0,0.0,13.0,0.0,10.0,0.0,84.0,0.0,59.0,0.0,0.0,0.0,0.0,0.0,0.0
21,0.0,11.000000000000004,0.0,81.0,0.0,0.0,5.0,0.0,10.0,0.0,0.0,5.0,0.0,7.0,0.0,83.0,0.0,84.0,0.0,0.0,0.0,0.0,0.0,0.0
21,0.0,14.0,0.0,75.0,0.0,0.0,5.0,0.0,0.0,0.0,0.0,16.999999999999872,0.0,19.000000000000007,0.0,77.00000000000007,0.0,71.0,0.0,0.0,0.0,14.799999999999828,0.0,0.0
21,0.0,5.000000000000002,0.0,80.0,0.0,0.0,5.0,0.0,0.0,0.0,0.0,11.000000000002181,0.0,23.000000000003638,0.0,61.99999999999782,0.0,84.99999999999636,0.0,0.0,0.0,14.800000000005383,0.0,0.0
21,0.0,5.999999999996362,0.0,73.0,0.0,0.0,5.0,0.0,10.000000000000004,0.0,0.0,4.999999999999998,0.0,13.999999999999996,0.0,87.0,0.0,91.0,0.0,0.0,0.0,0.0,0.0,0.0
21,0.0,13.999999999996362,0.0,90.0,0.0,0.0,5.0,0.0,10.0,0.0,0.0,14.0,0.0,7.0,0.0,85.0,0.0,67.0,0.0,0.0,0.0,0.0,0.0,0.0
21,0.0,9.0,0.0,63.0,0.0,0.0,5.0,0.0,10.000000000000153,0.0,0.0,5.000000000000192,0.0,4.999999999999781,0.0,64.9999999999998,0.0,79.00000000000016,0.0,0.0,0.0,0.0,0.0,0.0
21,0.0,13.999999999996362,0.0,67.0,0.0,0.0,5.0,0.0,9.999999999999998,0.0,0.0,13.000000000000004,0.0,5.000000000000002,0.0,60.0,0.0,86.0,0.0,0.0,0.0,0.0,0.0,0.0
21,0.0,6.000000000000001,0.0,89.0,7.999999999999999,0.0,13.0,0.0,18.0,0.0,0.0,0.0,0.0,5.000000000000001,0.0,81.0,0.0,88.0,0.0,0.0,0.0,0.0,0.0,0.0
21,0.0,5.000000000000002,0.0,79.0,0.0,0.0,5.0,0.0,10.0,0.0,0.0,4.0,0.0,13.0,0.0,87.0,0.0,70.0,0.0,0.0,0.0,0.0,0.0,0.0
21,0.0,6.999999999998181,0.0,66.0,0.0,0.0,5.0,0.0,10.000000000000004,0.0,0.0,5.0000000000000036,0.0,5.9999999999999964,0.0,95.0,0.0,64.0,0.0,0.0,0.0,0.0,0.0,0.0
21,0.0,5.999999999996362,0.0,94.0,0.0,0.0,5.0,0.0,10.0,0.0,0.0,5.0,0.0,11.0,0.0,94.0,0.0,55.0,0.0,0.0,0.0,0.0,0.0,0.0
21,0.0,6.0,0.0,91.0,0.0,0.0,5.0,0.0,0.0,0.0,9988.0,10000.0,9984.0,10000.0,0.0,70.0,0.0,50.99999999999636,0.0,0.0,0.0,14.800000000000022,0.0,0.0
21,0.0,12.0,0.0,74.0,0.0,0.0,5.0,0.0,0.0,0.0,0.0,14.999999999997819,9980.000000000004,10000.0,0.0,54.00000000000218,0.0,72.0,0.0,0.0,0.0,14.799999999994617,0.0,0.0
21,9986.0,10000.0,0.0,80.0,0.0,0.0,5.0,0.0,0.0,0.0,0.0,16.0,0.0,22.0,0.0,64.0,0.0,59.0,0.0,0.0,0.0,14.8,0.0,0.0
21,9994.0,10000.0,0.0,90.0,0.0,0.0,5.0,0.0,10.000000000000004,0.0,0.0,11.000000000000004,9991.0,10000.0,0.0,74.0,0.0,66.0,0.0,0.0,0.0,0.0,0.0,0.0
21,0.0,13.0,0.0,55.0,0.0,0.0,5.0,0.0,10.0,0.0,0.0,4.0,0.0,13.0,0.0,69.0,0.0,88.0,0.0,0.0,0.0,0.0,0.0,0.0
21,9988.0,10000.0,0.0,74.0,0.0,0.0,5.0,0.0,10.0,0.0,9991.0,10000.0,9989.0,10000.0,0.0,67.0,0.0,84.0,0.0,0.0,0.0,0.0,0.0,0.0
21,0.0,13.0,0.0,73.0,0.0,0.0,5.0,0.0,10.0,0.0,0.0,11.0,9991.0,10000.0,0.0,64.0,0.0,58.0,0.0,0.0,0.0,0.0,0.0,0.0
21,9995.0,10000.0,0.0,68.0,0.0,0.0,5.0,0.0,10.0,0.0,0.0,10.0,0.0,10.0,0.0,56.0,0.0,90.0,0.0,0.0,0.0,0.0,0.0,0.0
21,9987.0,10000.0,0.0,82.0,0.0,0.0,5.0,0.0,10.000000000000004,0.0,9992.0,10000.0,0.0,11.999999999999996,0.0,57.0,0.0,70.0,0.0,0.0,0.0,0.0,0.0,0.0
22,9993.0,10000.0,0.0,62.0,0.0,0.0,5.0,0.0,10.0,0.0,0.0,4.0,0.0,12.0,0.0,92.0,0.0,70.0,0.0,0.0,0.0,0.0,0.0,0.0
22,0.0,12.0,0.0,74.0,0.0,0.0,5.0,0.0,10.0,0.0,9989.0,10000.0,0.0,4.0,0.0,93.0,0.0,85.0,0.0,0.0,0.0,0.0,0.0,0.0
22,9989.0,10000.0,0.0,87.0,0.0,0.0,5.0,0.0,10.0,0.0,0.0,8.0,0.0,4.0,0.0,75.0,0.0,94.0,0.0,0.0,0.0,0.0,0.0,0.0
22,0.0,10.0,0.0,74.0,0.0,0.0,5.0,0.0,10.0,0.0,0.0,13.0,0.0,10.0,0.0,84.0,0.0,59.0,0.0,0.0,0.0,0.0,0.0,0.0
22,0.0,11.0,0.0,81.0,0.0,0.0,5.0,0.0,0.0,0.0,9989.0,10000.0,0.0,17.000000000000014,0.0,77.0,0.0,73.99999999999636,0.0,0.0,0.0,14.800000000000022,0.0,0.0
22,0.0,5.0,0.0,84.0,9.0,0.0,14.0,0.0,19.0,0.0,0.0,2.0,0.0,0.0,0.0,92.0,0.0,90.0,0.0,0.0,0.0,0.0,0.0,0.0
22,0.0,5.0,0.0,80.0,0.0,0.0,5.0,0.0,10.0,0.0,0.0,5.0,0.0,13.0,0.0,68.0,0.0,95.0,0.0,0.0,0.0,0.0,0.0,0.0
22,9994.0,10000.0,0.0,73.0,0.0,0.0,5.0,0.0,10.0,0.0,0.0,5.0,0.0,14.0,0.0,87.0,0.0,91.0,0.0,0.0,0.0,0.0,0.0,0.0
22,0.0,14.0,0.0,90.0,0.0,0.0,5.0,0.0,9.999999999999998,0.0,0.0,14.000000000000005,0.0,7.000000000000002,0.0,85.0,0.0,67.0,0.0,0.0,0.0,0.0,0.0,0.0
22,0.0,9.0,0.0,63.0,0.0,0.0,5.0,0.0,10.0,0.0,0.0,5.000000000000002,0.0,4.999999999999999,0.0,65.0,0.0,79.0,0.0,0.0,0.0,0.0,0.0,0.0
22,0.0,14.0,0.0,67.0,0.0,0.0,5.0,0.0,10.000000000000002,0.0,0.0,12.999999999999998,0.0,4.999999999999998,0.0,60.0,0.0,86.0,0.0,0.0,0.0,0.0,0.0,0.0
22,0.0,14.0,0.0,81.0,0.0,0.0,5.0,0.0,0.0,0.0,0.0,14.000000000002181,0.0,23.000000000003638,0.0,66.99999999999781,0.0,69.99999999999636,0.0,0.0,0.0,14.800000000005385,0.0,0.0
22,0.0,5.0,0.0,79.0,0.0,0.0,5.0,0.0,10.0,0.0,0.0,4.0,9987.0,10000.0,0.0,87.0,0.0,70.0,0.0,0.0,0.0,0.0,0.0,0.0
22,0.0,7.0,0.0,66.0,0.0,0.0,5.0,0.0,10.0,0.0,0.0,5.0,0.0,6.0,0.0,95.0,0.0,64.0,0.0,0.0,0.0,0.0,0.0,0.0
22,0.0,6.0,0.0,94.0,0.0,0.0,5.0,0.0,0.0,0.0,0.0,11.000000000000007,0.0,20.999999999996362,0.0,88.0,0.0,44.99999999999636,0.0,0.0,0.0,14.800000000000022,0.0,0.0
22,0.0,6.0000000000000036,0.0,91.0,0.0,0.0,5.0,0.0,10.0,0.0,0.0,6.0,9994.0,10000.0,0.0,76.0,0.0,61.0,0.0,0.0,0.0,0.0,0.0,0.0
22,0.0,12.0,0.0,74.0,0.0,0.0,5.0,0.0,0.0,0.0,0.0,14.999999999997819,0.0,19.999999999996362,0.0,54.00000000000218,0.0,72.0,0.0,0.0,0.0,14.799999999994617,0.0,0.0
22,0.0,14.0,0.0,80.0,0.0,0.0,5.0,0.0,10.0,0.0,0.0,10.0,0.0,12.0,0.0,70.0,0.0,69.0,0.0,0.0,0.0,0.0,0.0,0.0
22,9994.0,10000.0,0.0,90.0,0.0,0.0,5.0,0.0,0.0,0.0,9983.0,10000.0,9981.0,10000.0,0.0,68.0,0.0,56.0,0.0,0.0,0.0,14.8,0.0,0.0
22,0.0,13.0,0.0,55.0,0.0,0.0,5.0,0.0,0.0,0.0,0.0,10.0,0.0,23.0,0.0,63.0,0.0,78.0,0.0,0.0,0.0,14.8,0.0,0.0
22,9988.0,10000.0,0.0,74.0,0.0,0.0,5.0,0.0,0.0,0.0,9985.0,10000.0,0.0,21.0,0.0,61.0,0.0,74.0,0.0,0.0,0.0,14.8,0.0,0.0
22,0.0,13.0,0.0,73.0,0.0,0.0,5.0,0.0,0.0,0.0,0.0,17.0,0.0,19.0,0.0,58.0,0.0,48.0,0.0,0.0,0.0,14.8,0.0,0.0
22,9995.0,10000.0,0.0,68.0,0.0,0.0,5.0,0.0,10.0,0.0,9990.0,10000.0,9990.0,10000.0,0.0,56.0,0.0,90.0,0.0,0.0,0.0,0.0,0.0,0.0
22,0.0,13.0,0.0,82.0,0.0,0.0,5.0,0.0,10.000000000000004,0.0,9992.0,10000.0,9988.0,10000.0,0.0,57.0,0.0,70.0,0.0,0.0,0.0,0.0,0.0,0.0
23,9993.0,10000.0,0.0,62.0,0.0,0.0,5.0,0.0,10.0,0.0,0.0,4.0,9988.0,10000.0,0.0,92.0,0.0,70.0,0.0,0.0,0.0,0.0,0.0,0.0
23,0.0,12.0,0.0,74.0,0.0,0.0,5.0,0.0,10.0,0.0,9989.0,10000.0,0.0,4.0,0.0,93.0,0.0,85.0,0.0,0.0,0.0,0.0,0.0,0.0
23,0.0,11.0,0.0,87.0,0.0,0.0,5.0,0.0,10.0,0.0,0.0,8.0,9996.0,10000.0,0.0,75.0,0.0,94.0,0.0,0.0,0.0,0.0,0.0,0.0
23,0.0,10.0,0.0,74.0,0.0,0.0,5.0,0.0,10.0,0.0,0.0,13.0,9990.0,10000.0,0.0,84.0,0.0,59.0,0.0,0.0,0.0,0.0,0.0,0.0
23,0.0,11.0,0.0,81.0,0.0,0.0,5.0,0.0,10.0,0.0,0.0,5.0,9993.0,10000.0,0.0,83.0,0.0,84.0,0.0,0.0,0.0,0.0,0.0,0.0
23,0.0,4.999999999996362,0.0,84.00000000000364,9.000000000003638,0.0,14.000000000003638,0.0,19.000000000003638,0.0,0.0,1.999999999996362,0.0,0.0,0.0,92.00000000000364,0.0,90.00000000000364,0.0,0.0,0.0,0.0,0.0,0.0
23,0.0,5.0,0.0,80.0,0.0,0.0,5.0,0.0,0.0,0.0,0.0,11.0,0.0,23.0,0.0,62.0,0.0,85.0,0.0,0.0,0.0,14.8,0.0,0.0
23,0.0,6.0,0.0,73.0,0.0,0.0,5.0,0.0,10.0,0.0,9995.0,10000.0,0.0,14.0,0.0,87.0,0.0,91.0,0.0,0.0,0.0,0.0,0.0,0.0
23,0.0,14.0,0.0,90.0,0.0,0.0,5.0,0.0,10.0,0.0,0.0,14.0,0.0,7.0,0.0,85.0,0.0,67.0,0.0,0.0,0.0,0.0,0.0,0.0
23,0.0,9.0,0.0,63.0,0.0,0.0,5.0,0.0,10.0,0.0,0.0,5.0,0.0,5.0,0.0,65.0,0.0,79.0,0.0,0.0,0.0,0.0,0.0,0.0
23,0.0,14.0,0.0,67.0,0.0,0.0,5.0,0.0,10.0,0.0,9987.0,10000.0,0.0,5.0,0.0,60.0,0.0,86.0,0.0,0.0,0.0,0.0,0.0,0.0
23,9994.0,10000.0,0.0,89.0,8.0,0.0,13.0,0.0,18.0,0.0,0.0,0.0,0.0,5.0,0.0,81.0,0.0,88.0,0.0,0.0,0.0,0.0,0.0,0.0
23,9994.999999999995,9999.999999999995,0.0,79.0,0.0,0.0,5.0,0.0,3.647096548462869e-12,0.0,0.0,9.99999999999785,0.0,22.99999999999635,0.0,81.00000000000215,0.0,60.00000000000365,0.0,1.0004441719502211e-13,0.0,14.79999999999455,0.0,0.0
23,9993.0,10000.0,0.0,66.0,0.0,0.0,4.9999999999999964,0.0,9.999999999999996,0.0,0.0,5.000000000000003,0.0,6.0000000000000036,0.0,95.0,0.0,64.0,0.0,0.0,0.0,0.0,0.0,0.0
23,9993.999999999996,9999.999999999996,0.0,94.0,0.0,0.0,5.0,0.0,3.645084234449314e-12,0.0,0.0,10.999999999997822,0.0,20.999999999996355,0.0,88.00000000000217,0.0,45.000000000003645,0.0,0.0,0.0,14.79999999999461,0.0,0.0
23,0.0,6.0,0.0,91.0,0.0,0.0,5.0,0.0,0.0,0.0,9988.0,10000.0,9984.0,10000.0,0.0,70.0,0.0,50.999999999999986,0.0,0.0,0.0,14.800000000000018,0.0,0.0
23,0.0,12.0,0.0,74.0,0.0,0.0,5.0,0.0,0.0,0.0,0.0,15.00000000000001,0.0,20.000000000000018,0.0,53.999999999999986,0.0,71.99999999999999,0.0,0.0,0.0,14.800000000000022,0.0,0.0
23,0.0,14.0,0.0,80.0,0.0,0.0,5.0,0.0,7.105427357601002e-15,0.0,0.0,15.999999999999996,0.0,21.999999999999993,0.0,64.0,0.0,59.00000000000001,0.0,0.0,0.0,14.799999999999988,0.0,0.0
23,9994.0,10000.0,0.0,90.0,0.0,0.0,5.0,0.0,10.0,0.0,0.0,11.0,9991.0,10000.0,0.0,74.0,0.0,66.0,0.0,0.0,0.0,0.0,0.0,0.0
23,0.0,13.0,0.0,55.0,0.0,0.0,5.0,0.0,10.0,0.0,0.0,4.0,0.0,13.0,0.0,69.0,0.0,88.0,0.0,0.0,0.0,0.0,0.0,0.0
23,9988.0,10000.0,0.0,74.0,0.0,0.0,5.0,0.0,10.0,0.0,0.0,9.0,0.0,11.0,0.0,67.0,0.0,84.0,0.0,0.0,0.0,0.0,0.0,0.0
23,0.0,13.0,0.0,73.0,0.0,0.0,5.0,0.0,10.0,0.0,9989.0,10000.0,0.0,9.0,0.0,64.0,0.0,58.0,0.0,0.0,0.0,0.0,0.0,0.0
23,9995.0,10000.0,0.0,68.0,0.0,0.0,5.0,0.0,0.0,0.0,0.0,16.0,0.0,20.0,0.0,50.0,0.0,80.0,0.0,0.0,0.0,14.8,0.0,0.0
23,0.0,13.0,0.0,82.0,0.0,0.0,5.0,0.0,10.000000000000004,0.0,0.0,7.999999999999998,9988.0,10000.0,0.0,57.0,0.0,70.0,0.0,0.0,0.0,0.0,0.0,0.0
24,9993.0,10000.0,0.0,62.0,0.0,0.0,5.0,0.0,10.000000000000004,0.0,0.0,4.0000000000000036,9988.0,10000.0,0.0,92.0,0.0,70.0,0.0,0.0,0.0,0.0,0.0,0.0
24,0.0,11.999999999996362,0.0,74.0,0.0,0.0,5.0,0.0,10.0,0.0,9989.0,10000.0,0.0,4.0,0.0,93.0,0.0,85.0,0.0,0.0,0.0,0.0,0.0,0.0
24,0.0,11.0,0.0,87.0,0.0,0.0,5.0,0.0,10.000000000000002,0.0,0.0,8.000000000000004,9996.0,10000.0,0.0,75.0,0.0,94.0,0.0,0.0,0.0,0.0,0.0,0.0
24,0.0,9.999999999996362,0.0,74.0,0.0,0.0,5.0,0.0,10.000000000000338,0.0,0.0,13.000000000001272,0.0,9.999999999999671,0.0,83.99999999999832,0.0,59.00000000000031,0.0,0.0,0.0,0.0,0.0,0.0
24,0.0,10.999999999996362,0.0,81.0,0.0,0.0,5.0,0.0,0.0,0.0,0.0,11.0,9983.000000000004,10000.0,0.0,76.99999999999972,0.0,74.0,0.0,0.0,0.0,14.799999999996357,0.0,0.0
24,0.0,13.999999999996362,0.0,75.0,0.0,0.0,5.0,0.0,10.000000000000004,0.0,0.0,11.000000000000004,0.0,8.999999999999996,0.0,83.0,0.0,81.0,0.0,0.0,0.0,0.0,0.0,0.0
24,0.0,4.999999999996362,0.0,80.0,0.0,0.0,5.0,0.0,10.0,0.0,0.0,5.0,0.0,13.0,0.0,68.0,0.0,95.0,0.0,0.0,0.0,0.0,0.0,0.0
24,0.0,6.0,0.0,73.0,0.0,0.0,5.0,0.0,10.0,0.0,0.0,5.0,0.0,14.0,0.0,87.0,0.0,91.0,0.0,0.0,0.0,0.0,0.0,0.0
24,0.0,14.0,0.0,90.0,0.0,0.0,5.0,0.0,10.000000000000002,0.0,0.0,14.000000000000004,0.0,6.999999999999998,0.0,85.0,0.0,67.0,0.0,0.0,0.0,0.0,0.0,0.0
24,9996.0,10000.0,0.0,68.0,5.0,0.0,10.0,0.0,15.00000000000001,0.0,0.0,0.0,0.0,0.0,0.0,69.99999999999272,0.0,84.0,0.0,0.0,0.0,0.0,0.0,0.0
24,0.0,13.999999999996362,0.0,67.0,0.0,0.0,5.0,0.0,10.000000000000004,0.0,9987.0,10000.0,0.0,4.9999999999999964,0.0,60.0,0.0,86.0,0.0,0.0,0.0,0.0,0.0,0.0
24,0.0,14.0,0.0,81.0,0.0,0.0,5.0,0.0,10.000000000000002,0.0,0.0,7.999999999999998,0.0,12.999999999999998,0.0,73.0,0.0,80.0,0.0,0.0,0.0,0.0,0.0,0.0
24,0.0,4.999999999996362,0.0,79.0,0.0,0.0,5.0,0.0,10.000000000000002,0.0,0.0,4.000000000000002,9987.0,10000.0,0.0,87.0,0.0,70.0,0.0,0.0,0.0,0.0,0.0,0.0
24,0.0,6.999999999996362,0.0,66.0,0.0,0.0,5.0,0.0,10.000000000000394,0.0,0.0,5.000000000001427,0.0,5.9999999999996145,0.0,94.99999999999841,0.0,64.00000000000037,0.0,0.0,0.0,0.0,0.0,0.0
24,0.0,5.999999999996362,0.0,94.0,0.0,0.0,5.0,0.0,0.0,0.0,0.0,11.000000000000604,0.0,21.00000000000047,0.0,87.99999999999933,0.0,44.999999999974534,0.0,0.0,0.0,14.800000000000953,0.0,0.0
24,0.0,6.0,0.0,91.0,0.0,0.0,5.0,0.0,10.000000000000002,0.0,9994.0,10000.0,0.0,5.999999999999998,0.0,76.0,0.0,61.0,0.0,0.0,0.0,0.0,0.0,0.0
24,0.0,11.999999999996362,0.0,74.0,0.0,0.0,5.0,0.0,0.0,0.0,0.0,15.000000000000277,0.0,20.00000000000047,0.0,53.99999999999972,0.0,71.99999999998727,0.0,0.0,0.0,14.80000000000069,0.0,9.68732772234886e-15
24,9986.0,10000.0,0.0,80.0,0.0,0.0,5.0,0.0,10.000000000000004,0.0,0.0,10.000000000000004,9988.0,10000.0,0.0,70.0,0.0,69.0,0.0,0.0,0.0,0.0,0.0,0.0
24,9994.0,10000.0,0.0,90.0,0.0,0.0,5.0,0.0,0.0,0.0,0.0,17.000000000000437,0.0,19.0,0.0,67.99999999999937,0.0,56.0,0.0,0.0,0.0,14.800000000000345,0.0,0.0
24,0.0,13.0,0.0,55.0,0.0,0.0,5.0,0.0,0.0,0.0,0.0,10.000000000000487,9977.0,10000.0,0.0,62.99999999999952,0.0,78.0,0.0,0.0,0.0,14.80000000000039,0.0,0.0
24,9988.0,10000.0,0.0,74.0,0.0,0.0,5.0,0.0,0.0,0.0,9985.0,10000.0,9979.0,10000.0,0.0,60.99999999999933,0.0,74.0,0.0,0.0,0.0,14.800000000000347,0.0,0.0
24,0.0,13.0,0.0,73.0,0.0,0.0,5.0,0.0,0.0,0.0,0.0,17.000000000000426,9981.0,10000.0,0.0,57.99999999999956,0.0,48.0,0.0,0.0,0.0,14.800000000000338,0.0,0.0
24,9995.0,10000.0,0.0,68.0,0.0,0.0,5.0,0.0,10.0,0.0,0.0,10.0,0.0,10.0,0.0,56.0,0.0,90.0,0.0,0.0,0.0,0.0,0.0,0.0
24,0.0,13.0,0.0,82.0,0.0,0.0,5.0,0.0,10.000000000000004,0.0,9992.0,10000.0,0.0,12.0,0.0,57.0,0.0,70.0,0.0,0.0,0.0,0.0,0.0,0.0
25,0.0,7.0,0.0,62.0,0.0,0.0,5.0,0.0,9.999999999999956,0.0,9996.0,10000.0,0.0,12.000000000000043,0.0,92.0,0.0,69.99999999999996,0.0,0.0,0.0,0.0,0.0,0.0
25,0.0,12.0,0.0,74.0,0.0,0.0,5.0,0.0,10.000000000000071,0.0,9989.0,10000.0,0.0,3.9999999999999734,0.0,93.0,0.0,85.0,0.0,0.0,0.0,0.0,0.0,0.0
25,0.0,10.999999999996362,0.0,87.0,0.0,0.0,5.0,0.0,10.000000000000064,0.0,0.0,8.0,0.0,3.99999999999997,0.0,75.0,0.0,94.0,0.0,0.0,0.0,0.0,0.0,0.0
25,0.0,9.999999999996362,0.0,74.0,0.0,0.0,5.0,0.0,0.0,0.0,0.0,18.999999999998316,0.0,20.000000000000014,0.0,78.0,0.0,48.99999999999636,0.0,0.0,0.0,14.800000000002049,0.0,0.0
25,0.0,10.999999999996362,0.0,81.0,0.0,0.0,5.0,0.0,0.0,0.0,0.0,10.999999999999996,9983.0,10000.0,0.0,76.99999999999999,0.0,73.99999999999636,0.0,0.0,0.0,14.800000000000013,0.0,0.0
25,9995.000000000004,10000.0,0.0,84.00000000000364,9.000000000003638,0.0,14.000000000003638,0.0,19.000000000003638,0.0,0.0,1.999999999996362,0.0,0.0,9907.999999999996,10000.0,0.0,90.00000000000364,0.0,0.0,0.0,0.0,0.0,0.0
25,0.0,4.999999999996362,0.0,80.0,0.0,0.0,5.0,0.0,10.000000000000057,0.0,0.0,5.0,0.0,12.999999999999945,0.0,68.0,0.0,95.0,0.0,0.0,0.0,0.0,0.0,0.0
25,0.0,6.0000000000000036,0.0,73.0,0.0,0.0,5.0,0.0,10.000000000001098,0.0,0.0,5.0,0.0,13.999999999999932,0.0,87.0,0.0,91.0,0.0,0.0,0.0,0.0,0.0,0.0
25,9986.0,10000.0,0.0,90.0,0.0,0.0,5.0,0.0,9.99999999999993,0.0,0.0,13.999999999959982,0.0,7.000000000000032,0.0,85.0,0.0,66.99999999999997,0.0,0.0,0.0,0.0,0.0,0.0
25,0.0,9.000000000000004,0.0,63.0,0.0,0.0,5.0,0.0,10.000000000000915,0.0,0.0,5.000000000001194,0.0,4.999999999998978,0.0,64.9999999999988,0.0,79.00000000000095,0.0,0.0,0.0,0.0,0.0,0.0
25,1.9537776948880072,15.953777694888007,0.0,67.0,0.0,0.0,5.0,0.0,0.0,0.0,0.0,19.0,0.0,14.999999999996362,0.0,53.999999999999986,0.0,75.99999999999636,0.0,0.0,0.0,14.800000000000013,0.0,0.0
25,9985.999999999998,10000.0,0.0,81.0,0.0,0.0,5.0,0.0,9.99999999999997,0.0,0.0,7.999999999999961,9987.0,10000.0,0.0,73.00000000000004,0.0,79.99999999999997,0.0,0.0,0.0,0.0,0.0,0.0
25,9995.000000000004,10000.0,0.0,79.0,0.0,0.0,5.0,0.0,9.999999999999856,0.0,0.0,3.9999999999999094,0.0,13.000000000000144,0.0,87.00000000000009,0.0,69.99999999999986,0.0,0.0,0.0,0.0,0.0,0.0
25,0.0,7.0000000000000036,0.0,66.0,0.0,0.0,5.0,0.0,10.0000000000011,0.0,0.0,4.999999999999998,0.0,5.999999999999947,0.0,95.0,0.0,64.0,0.0,0.0,0.0,0.0,0.0,0.0
25,9983.981413848038,9989.981413848038,0.0,94.0,0.0,0.0,5.0,0.0,0.0,0.0,9989.0,10000.0,9979.000000000004,10000.0,0.0,87.99999999999997,0.0,44.99999999999636,0.0,0.0,0.0,14.800000000000027,0.0,0.0
25,9983.987273495295,9989.987273495293,0.0,91.0,0.0,0.0,5.0,0.0,0.0,0.0,0.0,12.0,0.0,16.000000000000014,0.0,70.0,0.0,50.99999999999636,0.0,0.0,0.0,14.80000000000003,0.0,0.0
25,0.0,11.999999999996362,0.0,74.0,0.0,0.0,5.0,0.0,0.0,0.0,0.0,15.0,0.0,20.000000000000014,0.0,53.99999999999999,0.0,71.99999999999636,0.0,0.0,0.0,14.799999999994617,0.0,0.0
25,9986.0,10000.0,0.0,80.0,0.0,0.0,5.0,0.0,0.0,0.0,0.0,16.0,0.0,22.0,0.0,63.99999999999999,0.0,59.0,0.0,0.0,0.0,14.8,0.0,0.0
25,0.0,6.0,0.0,90.0,0.0,0.0,5.0,0.0,9.999999999999961,0.0,0.0,11.0,0.0,9.000000000000039,0.0,74.0,0.0,65.99999999999996,0.0,0.0,0.0,0.0,0.0,0.0
25,0.0,13.0,0.0,55.0,0.0,0.0,5.0,0.0,10.0,0.0,9996.0,10000.0,9987.0,10000.0,0.0,69.0,0.0,88.0,0.0,0.0,0.0,0.0,0.0,0.0
25,0.0,12.0,0.0,74.0,0.0,0.0,5.0,0.0,10.0,0.0,9991.0,10000.0,9989.0,10000.0,0.0,67.0,0.0,84.0,0.0,0.0,0.0,0.0,0.0,0.0
25,0.0,13.0,0.0,73.0,0.0,0.0,5.0,0.0,9.999999999999956,0.0,0.0,11.0,0.0,9.000000000000044,0.0,64.0,0.0,57.99999999999996,0.0,0.0,0.0,0.0,0.0,0.0
25,0.0,5.0,0.0,68.0,0.0,0.0,5.0,0.0,0.0,0.0,0.0,16.0,0.0,20.0,0.0,49.99999999999999,0.0,80.0,0.0,0.0,0.0,14.799999999999999,0.0,0.0
25,0.0,13.0,0.0,82.0,0.0,0.0,5.0,0.0,10.000000000000004,0.0,0.0,7.999999999999998,0.0,12.0,0.0,57.0,0.0,70.0,0.0,0.0,0.0,0.0,0.0,0.0
26,0.0,7.0,0.0,62.0,0.0,0.0,5.0,0.0,10.0,0.0,0.0,4.0,0.0,12.0,0.0,92.0,0.0,70.0,0.0,0.0,0.0,0.0,0.0,0.0
26,0.0,12.0,0.0,74.0,0.0,0.0,5.0,0.0,0.0,0.0,0.0,17.00000000000028,0.0,14.000000000000469,0.0,86.99999999999972,0.0,74.99999999998727,0.0,0.0,0.0,14.800000000000693,0.0,0.0
26,0.0,11.0,0.0,87.0,0.0,0.0,5.0,0.0,0.0,0.0,9986.0,10000.0,0.0,14.000000000000469,0.0,68.99999999999972,0.0,83.99999999998909,0.0,0.0,0.0,14.800000000000692,0.0,0.0
26,0.0,10.0,0.0,74.0,0.0,0.0,5.0,0.0,10.0,0.0,0.0,12.999999999999998,0.0,10.0,0.0,84.0,0.0,59.0,0.0,0.0,0.0,0.0,0.0,0.0
26,0.0,11.0,0.0,81.0,0.0,0.0,5.0,0.0,10.0,0.0,0.0,5.0,0.0,7.0,0.0,83.0,0.0,84.0,0.0,0.0,0.0,0.0,0.0,0.0
26,0.0,14.0,0.0,75.0,0.0,0.0,5.0,0.0,10.0,0.0,0.0,11.0,0.0,9.0,0.0,83.0,0.0,81.0,0.0,0.0,0.0,0.0,0.0,0.0
26,0.0,5.0,0.0,80.0,0.0,0.0,5.0,0.0,9.999999999999998,0.0,0.0,5.000000000000006,0.0,13.000000000000002,0.0,68.0,0.0,95.0,0.0,0.0,0.0,0.0,0.0,0.0
26,0.0,6.0,0.0,73.0,0.0,0.0,5.0,0.0,10.0,0.0,0.0,5.0,0.0,14.0,0.0,87.0,0.0,91.0,0.0,0.0,0.0,0.0,0.0,0.0
26,0.0,14.0,0.0,90.0,0.0,0.0,5.0,0.0,10.0,0.0,0.0,14.0,0.0,7.0,0.0,85.0,0.0,67.0,0.0,0.0,0.0,0.0,0.0,0.0
26,0.0,9.0,0.0,63.0,0.0,0.0,5.0,0.0,10.0,0.0,0.0,4.999999999999999,0.0,5.0,0.0,65.0,0.0,79.0,0.0,0.0,0.0,0.0,0.0,0.0
26,9986.0,10000.0,0.0,67.0,0.0,0.0,5.0,0.0,10.0,0.0,0.0,13.0,0.0,5.0,0.0,60.0,0.0,86.0,0.0,0.0,0.0,0.0,0.0,0.0
26,0.0,14.0,0.0,81.0,0.0,0.0,5.0,0.0,-2.546585164964199e-11,0.0,0.0,14.00000000001528,9976.999999999975,10000.0,0.0,66.99999999998472,0.0,69.99999999997453,0.0,0.0,0.0,14.80000000003769,0.0,0.0
26,0.0,5.0,0.0,79.0,0.0,0.0,5.0,0.0,-2.2737367544323206e-11,0.0,0.0,10.000000000013642,0.0,23.000000000022737,0.0,80.99999999998636,0.0,59.99999999997726,0.0,0.0,0.0,14.800000000033652,0.0,0.0
26,0.0,7.0,0.0,66.0,0.0,0.0,5.0,0.0,9.999999999999998,0.0,0.0,5.000000000000005,0.0,6.000000000000002,0.0,95.0,0.0,64.0,0.0,0.0,0.0,0.0,0.0,0.0
26,0.0,6.0,0.0,94.0,0.0,0.0,5.0,0.0,10.0,0.0,9995.0,10000.0,9989.0,10000.0,0.0,94.0,0.0,55.0,0.0,0.0,0.0,0.0,0.0,0.0
26,0.0,6.0,0.0,91.0,0.0,0.0,5.0,0.0,9.999999999999998,0.0,0.0,6.000000000000005,9994.0,10000.0,0.0,76.0,0.0,61.0,0.0,0.0,0.0,0.0,0.0,0.0
26,0.0,12.0,0.0,74.0,0.0,0.0,5.0,0.0,0.0,0.0,9985.0,10000.0,0.0,20.00000000000047,0.0,53.999999999999716,0.0,71.99999999998727,0.0,0.0,0.0,14.800000000000692,0.0,0.0
26,0.0,14.0,0.0,80.0,0.0,0.0,5.0,0.0,10.0,0.0,0.0,10.0,0.0,12.0,0.0,70.0,0.0,69.0,0.0,0.0,0.0,0.0,0.0,0.0
26,0.0,6.0,0.0,90.0,0.0,0.0,5.0,0.0,9.999999999999998,0.0,0.0,11.000000000000005,9991.0,10000.0,0.0,74.0,0.0,66.0,0.0,0.0,0.0,0.0,0.0,0.0
26,0.0,13.0,0.0,55.0,0.0,0.0,5.0,0.0,0.0,0.0,0.0,10.0,0.0,23.0,0.0,63.0,0.0,78.0,0.0,0.0,0.0,14.8,0.0,0.0
26,0.0,12.0,0.0,74.0,0.0,0.0,5.0,0.0,0.0,0.0,0.0,15.0,9979.0,10000.0,0.0,61.0,0.0,74.0,0.0,0.0,0.0,14.8,0.0,0.0
26,0.0,13.0,0.0,73.0,0.0,0.0,5.0,0.0,0.0,0.0,0.0,17.0,0.0,19.0,0.0,58.0,0.0,48.0,0.0,0.0,0.0,14.8,0.0,0.0
26,0.0,5.0,0.0,68.0,0.0,0.0,5.0,0.0,10.0,0.0,9990.0,10000.0,0.0,10.0,0.0,56.0,0.0,90.0,0.0,0.0,0.0,0.0,0.0,0.0
26,0.0,13.0,0.0,82.0,0.0,0.0,5.0,0.0,10.000000000000004,0.0,0.0,7.999999999999998,9988.0,10000.0,0.0,57.0,0.0,70.0,0.0,0.0,0.0,0.0,0.0,0.0
27,0.0,7.0,0.0,62.0,0.0,0.0,5.0,0.0,10.0,0.0,9996.0,10000.0,0.0,12.0,0.0,92.0,0.0,70.0,0.0,0.0,0.0,0.0,0.0,0.0
27,0.0,12.0,0.0,74.0,0.0,0.0,5.0,0.0,10.0,0.0,0.0,11.0,0.0,4.0,0.0,93.0,0.0,85.0,0.0,0.0,0.0,0.0,0.0,0.0
27,0.0,11.0,0.0,87.0,0.0,0.0,5.0,0.0,10.0,0.0,0.0,8.0,0.0,4.0,0.0,75.0,0.0,94.0,0.0,0.0,0.0,0.0,0.0,0.0
27,0.0,10.0,0.0,74.0,0.0,0.0,5.0,0.0,10.0,0.0,0.0,13.0,0.0,10.0,0.0,84.0,0.0,59.0,0.0,0.0,0.0,0.0,0.0,0.0
27,0.0,11.0,0.0,81.0,0.0,0.0,5.0,0.0,10.0,0.0,9995.0,10000.0,0.0,7.0,0.0,83.0,0.0,84.0,0.0,0.0,0.0,0.0,0.0,0.0
27,0.0,14.0,0.0,75.0,0.0,0.0,5.0,0.0,0.0,0.0,0.0,17.000000000000007,0.0,19.00000000000001,0.0,77.0,0.0,70.99999999999999,0.0,0.0,0.0,14.800000000000018,0.0,0.0
27,9995.0,10000.0,0.0,80.0,0.0,0.0,5.0,0.0,10.0,0.0,0.0,5.0,0.0,13.0,0.0,68.0,0.0,95.0,0.0,0.0,0.0,0.0,0.0,0.0
27,0.0,6.0000000000000036,0.0,73.0,0.0,0.0,5.0,0.0,10.0,0.0,0.0,5.0,9986.0,10000.0,0.0,87.0,0.0,91.0,0.0,0.0,0.0,0.0,0.0,0.0
27,10000.0,10000.0,0.0,104.0,14.0,0.0,19.0,0.0,24.0,0.0,0.0,0.0,7.0,0.0,0.0,99.0,0.0,81.0,0.0,0.0,0.0,0.0,0.0,0.0
27,0.0,9.000000000000007,0.0,62.99999999999999,0.0,0.0,4.999999999999993,0.0,0.0,0.0,0.0,11.000000000000014,0.0,15.000000000000018,0.0,58.999999999999986,0.0,68.99999999999999,0.0,0.0,0.0,14.800000000000015,0.0,0.0
27,0.0,14.000000000000007,0.0,67.0,0.0,0.0,5.0,0.0,10.0,0.0,0.0,13.0,0.0,5.0,0.0,60.0,0.0,86.0,0.0,0.0,0.0,0.0,0.0,0.0
27,9986.0,10000.0,0.0,81.0,0.0,0.0,5.0,0.0,10.0,0.0,0.0,8.0,9987.0,10000.0,0.0,73.0,0.0,80.0,0.0,0.0,0.0,0.0,0.0,0.0
27,9995.0,10000.0,0.0,79.0,0.0,0.0,5.0,0.0,10.0,0.0,0.0,4.0,0.0,13.0,0.0,87.0,0.0,70.0,0.0,0.0,0.0,0.0,0.0,0.0
27,0.0,7.0,0.0,66.0,0.0,0.0,5.0,0.0,0.0,0.0,0.0,11.000000000000007,0.0,16.00000000000001,0.0,89.0,0.0,53.999999999999986,0.0,0.0,0.0,14.800000000000015,0.0,0.0
27,9994.0,10000.0,0.0,94.0,0.0,0.0,5.0,0.0,10.0,0.0,0.0,5.0,9989.0,10000.0,0.0,94.0,0.0,55.0,0.0,0.0,0.0,0.0,0.0,0.0
27,0.0,6.0,0.0,91.0,0.0,0.0,5.0,0.0,10.0,0.0,0.0,6.0,0.0,6.0,0.0,76.0,0.0,61.0,0.0,0.0,0.0,0.0,0.0,0.0
27,9988.0,10000.0,0.0,74.0,0.0,0.0,5.0,0.0,0.0,0.0,0.0,15.00000000000001,9980.0,10000.0,0.0,53.999999999999986,0.0,71.99999999999999,0.0,0.0,0.0,14.800000000000022,0.0,0.0
27,9986.0,10000.0,0.0,80.0,0.0,0.0,5.0,0.0,10.0,0.0,0.0,10.0,0.0,12.0,0.0,70.0,0.0,69.0,0.0,0.0,0.0,0.0,0.0,0.0
27,0.0,6.0,0.0,90.0,0.0,0.0,5.0,0.0,10.0,0.0,0.0,11.0,0.0,9.0,0.0,74.0,0.0,66.0,0.0,0.0,0.0,0.0,0.0,0.0
27,0.0,13.0,0.0,55.0,0.0,0.0,5.0,0.0,7.105427357601002e-15,0.0,0.0,9.999999999999996,0.0,22.999999999999993,0.0,63.0,0.0,78.0,0.0,0.0,0.0,14.799999999999988,0.0,0.0
27,0.0,12.0,0.0,74.0,0.0,0.0,5.0,0.0,10.0,0.0,9991.0,10000.0,0.0,11.0,0.0,67.0,0.0,84.0,0.0,0.0,0.0,0.0,0.0,0.0
27,0.0,13.0,0.0,73.0,0.0,0.0,5.0,0.0,10.0,0.0,9989.0,10000.0,9991.0,10000.0,0.0,64.0,0.0,58.0,0.0,0.0,0.0,0.0,0.0,0.0
27,0.0,5.0,0.0,68.0,0.0,0.0,5.0,0.0,0.0,0.0,9984.0,10000.0,0.0,20.0,0.0,50.0,0.0,80.0,0.0,0.0,0.0,14.8,0.0,0.0
27,0.0,13.0,0.0,82.0,0.0,0.0,5.0,0.0,10.000000000000004,0.0,9992.0,10000.0,0.0,11.999999999999996,0.0,57.0,0.0,70.0,0.0,0.0,0.0,0.0,0.0,0.0
28,0.0,7.0,0.0,62.0,0.0,0.0,5.0,0.0,10.0,0.0,9996.0,10000.0,0.0,12.0,0.0,92.0,0.0,70.0,0.0,0.0,0.0,0.0,0.0,0.0
28,0.0,12.0,0.0,74.0,0.0,0.0,5.0,0.0,10.0,0.0,0.0,11.0,0.0,4.0,0.0,93.0,0.0,85.0,0.0,0.0,0.0,0.0,0.0,0.0
28,0.0,11.0,0.0,87.0,0.0,0.0,5.0,0.0,0.0,0.0,9986.0,10000.0,0.0,14.000000000000018,0.0,68.99999999999999,0.0,83.99999999999999,0.0,0.0,0.0,14.800000000000022,0.0,0.0
28,0.0,10.0,0.0,74.0,0.0,0.0,5.0,0.0,10.0,0.0,0.0,13.0,0.0,10.0,0.0,84.0,0.0,59.0,0.0,0.0,0.0,0.0,0.0,0.0
28,0.0,11.0,0.0,81.0,0.0,0.0,5.0,0.0,10.0,0.0,0.0,5.0,0.0,7.0,0.0,83.0,0.0,84.0,0.0,0.0,0.0,0.0,0.0,0.0
28,9986.0,10000.0,0.0,75.0,0.0,0.0,5.0,0.0,10.0,0.0,0.0,11.0,0.0,9.0,0.0,83.0,0.0,81.0,0.0,0.0,0.0,0.0,0.0,0.0
28,0.0,5.000000000000002,0.0,80.0,0.0,0.0,5.0,0.0,10.0,0.0,0.0,5.0,0.0,13.0,0.0,68.0,0.0,95.0,0.0,0.0,0.0,0.0,0.0,0.0
28,9994.0,10000.0,0.0,73.0,0.0,0.0,5.0,0.0,10.0,0.0,0.0,5.0,9986.0,10000.0,0.0,87.0,0.0,91.0,0.0,0.0,0.0,0.0,0.0,0.0
28,9986.000000000002,10000.000000000002,0.0,90.0,0.0,0.0,5.0,0.0,0.0,0.0,0.0,20.000000000000007,0.0,17.00000000000001,0.0,79.0,0.0,56.999999999999986,0.0,0.0,0.0,14.800000000000015,0.0,0.0
28,9991.0,10000.0,0.0,63.0,0.0,0.0,5.0,0.0,10.0,0.0,0.0,5.0,0.0,5.0,0.0,65.0,0.0,79.0,0.0,0.0,0.0,0.0,0.0,0.0
28,0.0,14.0,0.0,67.0,0.0,0.0,5.0,0.0,10.0,0.0,0.0,13.0,0.0,5.0,0.0,60.0,0.0,86.0,0.0,0.0,0.0,0.0,0.0,0.0
28,9986.0,10000.0,0.0,81.0,0.0,0.0,5.0,0.0,10.0,0.0,0.0,8.0,9987.0,10000.0,0.0,73.0,0.0,80.0,0.0,0.0,0.0,0.0,0.0,0.0
28,9995.0,10000.0,0.0,79.0,0.0,0.0,5.0,0.0,9.999999999999998,0.0,0.0,4.000000000000001,0.0,13.000000000000002,0.0,87.0,0.0,70.0,0.0,0.0,0.0,0.0,0.0,0.0
28,0.0,7.0,0.0,66.0,0.0,0.0,5.0,0.0,10.0,0.0,0.0,5.0,0.0,6.0,0.0,95.0,0.0,64.0,0.0,0.0,0.0,0.0,0.0,0.0
28,9994.0,10000.0,0.0,94.0,0.0,0.0,5.0,0.0,3.645084234449314e-12,0.0,0.0,10.999999999997833,0.0,20.999999999996355,0.0,88.00000000000216,0.0,45.000000000003645,0.0,0.0,0.0,14.79999999999462,0.0,0.0
28,9994.0,10000.0,0.0,91.0,0.0,0.0,5.0,0.0,10.0,0.0,9994.0,10000.0,9994.0,10000.0,0.0,76.0,0.0,61.0,0.0,0.0,0.0,0.0,0.0,0.0
28,9988.0,10000.0,0.0,74.0,0.0,0.0,5.0,0.0,0.0,0.0,0.0,15.00000000000001,0.0,20.000000000000018,0.0,53.999999999999986,0.0,71.99999999999999,0.0,0.0,0.0,14.800000000000022,0.0,0.0
28,0.0,14.0,0.0,80.0,0.0,0.0,5.0,0.0,10.0,0.0,9990.0,10000.0,0.0,12.0,0.0,70.0,0.0,69.0,0.0,0.0,0.0,0.0,0.0,0.0
28,0.0,6.0,0.0,90.0,0.0,0.0,5.0,0.0,10.0,0.0,9989.0,10000.0,0.0,9.0,0.0,74.0,0.0,66.0,0.0,0.0,0.0,0.0,0.0,0.0
28,0.0,13.0,0.0,55.0,0.0,0.0,5.0,0.0,10.0,0.0,9996.0,10000.0,0.0,13.0,0.0,69.0,0.0,88.0,0.0,0.0,0.0,0.0,0.0,0.0
28,0.0,12.0,0.0,74.0,0.0,0.0,5.0,0.0,7.105427357601002e-15,0.0,9985.0,10000.0,9979.0,10000.0,0.0,61.0,0.0,74.0,0.0,0.0,0.0,14.799999999999988,0.0,0.0
28,0.0,13.0,0.0,73.0,0.0,0.0,5.0,0.0,0.0,0.0,0.0,17.0,0.0,19.0,0.0,58.0,0.0,48.0,0.0,0.0,0.0,14.8,0.0,0.0
28,0.0,5.0,0.0,68.0,0.0,0.0,5.0,0.0,10.0,0.0,0.0,10.0,0.0,10.0,0.0,56.0,0.0,90.0,0.0,0.0,0.0,0.0,0.0,0.0
28,0.0,13.0,0.0,82.0,0.0,0.0,5.0,0.0,10.000000000000004,0.0,9992.0,10000.0,0.0,11.999999999999996,0.0,57.0,0.0,70.0,0.0,0.0,0.0,0.0,0.0,0.0
29,0.0,7.0,0.0,62.0,0.0,0.0,5.0,0.0,10.0,0.0,0.0,4.0,0.0,12.0,0.0,92.0,0.0,70.0,0.0,0.0,0.0,0.0,0.0,0.0
29,0.0,12.000000000000007,0.0,74.0,0.0,0.0,5.0,0.0,10.0,0.0,0.0,11.0,0.0,4.0,0.0,93.0,0.0,85.0,0.0,0.0,0.0,0.0,0.0,0.0
29,0.0,11.0,0.0,87.0,0.0,0.0,5.0,0.0,10.0,0.0,9992.0,10000.0,0.0,4.0,0.0,75.0,0.0,94.0,0.0,0.0,0.0,0.0,0.0,0.0
29,0.0,9.999999999996362,0.0,74.0,0.0,0.0,5.0,0.0,10.0,0.0,9987.0,10000.0,0.0,10.0,0.0,84.0,0.0,59.0,0.0,0.0,0.0,0.0,0.0,0.0
29,0.0,11.0,0.0,81.0,0.0,0.0,5.0,0.0,10.0,0.0,0.0,5.0,0.0,7.0,0.0,83.0,0.0,84.0,0.0,0.0,0.0,0.0,0.0,0.0
29,0.0,14.0,0.0,75.0,0.0,0.0,5.0,0.0,9.999999999958755,0.0,0.0,10.999999999889816,0.0,9.000000000041245,0.0,83.00000000011019,0.0,80.99999999995876,0.0,0.0,0.0,0.0,0.0,0.0
29,0.0,4.999999999996362,0.0,80.0,0.0,0.0,5.0,0.0,10.0,0.0,0.0,5.0,0.0,13.0,0.0,68.0,0.0,95.0,0.0,0.0,0.0,0.0,0.0,0.0
29,0.0,5.999999999996362,0.0,73.0,0.0,0.0,5.0,0.0,10.000000000000004,0.0,0.0,4.999999999999998,0.0,13.999999999999996,0.0,87.0,0.0,91.0,0.0,0.0,0.0,0.0,0.0,0.0
29,0.0,14.000000000000007,0.0,90.0,0.0,0.0,5.0,0.0,9.999999999999996,0.0,0.0,14.000000000000007,0.0,7.0000000000000036,0.0,85.0,0.0,67.0,0.0,0.0,0.0,0.0,0.0,0.0
29,0.0,8.999999999994543,0.0,63.0,0.0,0.0,5.0,0.0,9.999999999999943,0.0,0.0,4.999999999999969,0.0,5.000000000000057,0.0,65.00000000000003,0.0,78.99999999999994,0.0,0.0,0.0,0.0,0.0,0.0
29,0.0,14.0,0.0,67.0,0.0,0.0,5.0,0.0,0.0,0.0,0.0,19.00000000000876,0.0,15.000000000014552,0.0,53.99999999999124,0.0,75.99999999998545,0.0,0.0,0.0,14.800000000021457,0.0,0.0
29,0.0,14.000000000000007,0.0,81.0,0.0,0.0,5.0,0.0,10.0,0.0,0.0,8.0,9987.0,10000.0,0.0,73.0,0.0,80.0,0.0,0.0,0.0,0.0,0.0,0.0
29,0.0,5.000000000000002,0.0,79.0,0.0,0.0,5.0,0.0,0.0,0.0,0.0,10.000000000000004,0.0,23.000000000000007,0.0,81.0,0.0,59.99999999999999,0.0,0.0,0.0,14.800000000000008,0.0,0.0
29,0.0,7.0,0.0,66.0,0.0,0.0,5.0,0.0,10.0,0.0,0.0,5.0,0.0,6.0,0.0,95.0,0.0,64.0,0.0,0.0,0.0,0.0,0.0,0.0
29,0.0,6.0000000000000036,0.0,94.0,0.0,0.0,5.0,0.0,10.0,0.0,0.0,4.999999999999999,0.0,11.0,0.0,94.0,0.0,55.0,0.0,0.0,0.0,0.0,0.0,0.0
29,0.0,6.0,0.0,91.0,0.0,0.0,5.0,0.0,0.0,0.0,9988.0,10000.0,9984.0,10000.0,0.0,69.99999999999972,0.0,50.99999999998727,0.0,0.0,0.0,14.800000000000693,0.0,0.0
29,0.0,12.0,0.0,74.0,0.0,0.0,5.0,0.0,0.0,0.0,0.0,15.000000000000284,0.0,20.00000000000047,0.0,53.999999999999716,0.0,71.99999999998545,0.0,0.0,0.0,14.800000000000695,0.0,0.0
29,0.0,14.0,0.0,80.0,0.0,0.0,5.0,0.0,10.0,0.0,0.0,10.0,0.0,12.0,0.0,70.0,0.0,69.0,0.0,0.0,0.0,0.0,0.0,0.0
29,0.0,6.0,0.0,90.0,0.0,0.0,5.0,0.0,0.0,0.0,0.0,17.0,0.0,19.0,0.0,68.0,0.0,56.0,0.0,0.0,0.0,14.8,0.0,0.0
29,0.0,13.0,0.0,55.0,0.0,0.0,5.0,0.0,0.0,0.0,0.0,10.0,0.0,23.0,0.0,63.0,0.0,78.0,0.0,0.0,0.0,14.8,0.0,0.0
29,0.0,12.0,0.0,74.0,0.0,0.0,5.0,0.0,10.0,0.0,0.0,9.0,9989.0,10000.0,0.0,67.0,0.0,84.0,0.0,0.0,0.0,0.0,0.0,0.0
29,0.0,13.0,0.0,73.0,0.0,0.0,5.0,0.0,10.0,0.0,9989.0,10000.0,0.0,9.0,0.0,64.0,0.0,58.0,0.0,0.0,0.0,0.0,0.0,0.0
29,0.0,5.0,0.0,68.0,0.0,0.0,5.0,0.0,0.0,0.0,9984.0,10000.0,0.0,20.0,0.0,50.0,0.0,80.0,0.0,0.0,0.0,14.8,0.0,0.0
29,0.0,13.0,0.0,82.0,0.0,0.0,5.0,0.0,10.000000000000004,0.0,9992.0,10000.0,0.0,11.999999999999996,0.0,57.0,0.0,70.0,0.0,0.0,0.0,0.0,0.0,0.0
30,9993.0,10000.0,0.0,62.0,0.0,0.0,5.0,0.0,10.0,0.0,0.0,4.0,9988.0,10000.0,0.0,92.0,0.0,70.0,0.0,0.0,0.0,0.0,0.0,0.0
30,0.0,12.0,0.0,74.0,0.0,0.0,5.0,0.0,10.0,0.0,0.0,11.0,9996.0,10000.0,0.0,93.0,0.0,85.0,0.0,0.0,0.0,0.0,0.0,0.0
30,0.0,11.0,0.0,87.0,0.0,0.0,5.0,0.0,0.0,0.0,9986.0,10000.0,9986.0,10000.0,0.0,68.99999999999999,0.0,83.99999999999999,0.0,0.0,0.0,14.800000000000022,0.0,0.0
30,0.0,10.0,0.0,74.0,0.0,0.0,5.0,0.0,10.0,0.0,9987.0,10000.0,0.0,10.0,0.0,84.0,0.0,59.0,0.0,0.0,0.0,0.0,0.0,0.0
30,0.0,11.0,0.0,81.0,0.0,0.0,5.0,0.0,3.645084234449314e-12,0.0,0.0,10.999999999997833,0.0,16.999999999996355,0.0,77.00000000000216,0.0,74.00000000000364,0.0,4.5474735088646414e-14,0.0,14.799999999994583,0.0,0.0
30,0.0,14.0,0.0,75.0,0.0,0.0,5.0,0.0,10.0,0.0,0.0,11.0,0.0,9.0,0.0,83.0,0.0,81.0,0.0,0.0,0.0,0.0,0.0,0.0
30,0.0,5.0,0.0,80.0,0.0,0.0,5.0,0.0,10.0,0.0,0.0,5.0,0.0,13.0,0.0,68.0,0.0,95.0,0.0,0.0,0.0,0.0,0.0,0.0
30,0.0,6.0,0.0,73.0,0.0,0.0,5.0,0.0,10.0,0.0,0.0,5.0,0.0,14.0,0.0,87.0,0.0,91.0,0.0,0.0,0.0,0.0,0.0,0.0
30,0.0,14.0,0.0,90.0,0.0,0.0,5.0,0.0,10.0,0.0,0.0,14.0,0.0,7.0,0.0,85.0,0.0,67.0,0.0,0.0,0.0,0.0,0.0,0.0
30,9991.0,10000.0,0.0,63.0,0.0,0.0,5.0,0.0,10.0,0.0,0.0,5.0,0.0,5.0,0.0,65.0,0.0,79.0,0.0,0.0,0.0,0.0,0.0,0.0
30,0.0,14.0,0.0,67.0,0.0,0.0,5.0,0.0,10.0,0.0,9987.0,10000.0,9995.0,10000.0,0.0,60.0,0.0,86.0,0.0,0.0,0.0,0.0,0.0,0.0
30,9994.000000000004,10000.0,0.0,89.00000000000364,8.000000000003642,0.0,13.000000000003642,0.0,18.00000000000364,0.0,3.640643342350813e-12,0.0,0.0,4.999999999996359,0.0,81.00000000000364,0.0,88.00000000000364,0.0,0.0,0.0,0.0,0.0,0.0
30,0.0,5.0,0.0,79.0,0.0,0.0,5.0,0.0,10.0,0.0,0.0,4.0,9987.0,10000.0,0.0,87.0,0.0,70.0,0.0,0.0,0.0,0.0,0.0,0.0
30,9993.0,10000.0,0.0,66.0,0.0,0.0,5.0,0.0,3.645084234449314e-12,0.0,0.0,10.999999999997826,0.0,15.999999999996355,0.0,89.00000000000217,0.0,54.000000000003645,0.0,0.0,0.0,14.799999999994617,0.0,0.0
30,0.0,6.0,0.0,94.0,0.0,0.0,5.0,0.0,10.0,0.0,0.0,5.0,9989.0,10000.0,0.0,94.0,0.0,55.0,0.0,0.0,0.0,0.0,0.0,0.0
30,0.0,6.0,0.0,91.0,0.0,0.0,5.0,0.0,0.0,0.0,0.0,12.000000000000007,9984.0,10000.0,0.0,70.0,0.0,50.999999999999986,0.0,0.0,0.0,14.800000000000022,0.0,0.0
30,0.0,12.0,0.0,74.0,0.0,0.0,5.0,0.0,0.0,0.0,9985.0,10000.0,0.0,19.99999999999999,0.0,54.00000000000001,0.0,72.00000000000001,0.0,0.0,0.0,14.799999999999988,0.0,0.0
30,9986.0,10000.0,0.0,80.0,0.0,0.0,5.0,0.0,10.0,0.0,0.0,10.0,9988.0,10000.0,0.0,70.0,0.0,69.0,0.0,0.0,0.0,0.0,0.0,0.0
30,0.0,6.0,0.0,90.0,0.0,0.0,5.0,0.0,10.0,0.0,9989.0,10000.0,0.0,9.0,0.0,74.0,0.0,66.0,0.0,0.0,0.0,0.0,0.0,0.0
30,0.0,13.0,0.0,55.0,0.0,0.0,5.0,0.0,10.0,0.0,0.0,4.0,9987.0,10000.0,0.0,69.0,0.0,88.0,0.0,0.0,0.0,0.0,0.0,0.0
30,9988.0,10000.0,0.0,74.0,0.0,0.0,5.0,0.0,7.105427357601002e-15,0.0,0.0,14.999999999999996,0.0,20.999999999999993,0.0,61.0,0.0,74.0,0.0,0.0,0.0,14.799999999999988,0.0,0.0
30,0.0,13.0,0.0,73.0,0.0,0.0,5.0,0.0,0.0,0.0,0.0,17.0,0.0,19.0,0.0,58.0,0.0,48.0,0.0,0.0,0.0,14.8,0.0,0.0
30,9995.0,10000.0,0.0,68.0,0.0,0.0,5.0,0.0,10.0,0.0,9990.0,10000.0,0.0,10.0,0.0,56.0,0.0,90.0,0.0,0.0,0.0,0.0,0.0,0.0
30,0.0,13.0,0.0,82.0,0.0,0.0,5.0,0.0,10.000000000000004,0.0,0.0,7.999999999999998,0.0,11.999999999999996,0.0,57.0,0.0,70.0,0.0,0.0,0.0,0.0,0.0,0.0
31,0.0,7.0,0.0,62.0,0.0,0.0,5.0,0.0,10.000000000000004,0.0,0.0,4.0000000000000036,0.0,11.999999999999996,0.0,92.0,0.0,70.0,0.0,0.0,0.0,0.0,0.0,0.0
31,0.0,11.999999999959982,0.0,74.0,0.0,0.0,5.0,0.0,0.0,0.0,0.0,16.99999999999993,0.0,14.000000000000014,0.0,87.00000000000007,0.0,74.99999999999636,0.0,0.0,0.0,14.79999999999999,0.0,0.0
31,0.0,10.999999999996362,0.0,87.0,0.0,0.0,5.0,0.0,10.000000000000004,0.0,9992.0,10000.0,9996.0,10000.0,0.0,75.0,0.0,94.0,0.0,0.0,0.0,0.0,0.0,0.0
31,0.0,9.999999999996362,0.0,74.0,0.0,0.0,5.0,0.0,10.000000000000004,0.0,0.0,13.000000000000004,0.0,9.999999999999996,0.0,84.0,0.0,59.0,0.0,0.0,0.0,0.0,0.0,0.0
31,0.0,10.999999999996362,0.0,81.0,0.0,0.0,5.0,0.0,10.000000000000004,0.0,0.0,5.0000000000000036,0.0,6.9999999999999964,0.0,83.0,0.0,84.0,0.0,0.0,0.0,0.0,0.0,0.0
31,0.0,14.000000000000007,0.0,75.0,0.0,0.0,5.0,0.0,10.0,0.0,0.0,11.0,0.0,9.0,0.0,83.0,0.0,81.0,0.0,0.0,0.0,0.0,0.0,0.0
31,0.0,5.000000000000002,0.0,80.0,0.0,0.0,5.0,0.0,10.000000000000004,0.0,0.0,4.999999999999998,0.0,12.999999999999996,0.0,68.0,0.0,95.0,0.0,0.0,0.0,0.0,0.0,0.0
31,0.0,6.0000000000000036,0.0,73.0,0.0,0.0,5.0,0.0,10.000000000000002,0.0,0.0,4.999999999999998,9986.0,10000.0,0.0,87.0,0.0,91.0,0.0,0.0,0.0,0.0,0.0,0.0
31,0.0,14.000000000000007,0.0,90.0,0.0,0.0,5.0,0.0,0.0,0.0,0.0,20.000000000000007,0.0,17.000000000000007,0.0,79.0,0.0,56.999999999999986,0.0,0.0,0.0,14.800000000000015,0.0,0.0
31,0.0,8.999999999996362,0.0,63.0,0.0,0.0,5.0,0.0,10.000000000000004,0.0,0.0,5.0000000000000036,0.0,4.9999999999999964,0.0,65.0,0.0,79.0,0.0,0.0,0.0,0.0,0.0,0.0
31,0.0,13.999999999996362,0.0,67.0,0.0,0.0,5.0,0.0,10.000000000000004,0.0,0.0,13.000000000000004,0.0,4.9999999999999964,0.0,60.0,0.0,86.0,0.0,0.0,0.0,0.0,0.0,0.0
31,0.0,13.999999999989086,0.0,81.0,0.0,0.0,5.0,0.0,0.0,0.0,0.0,13.999999999999796,0.0,22.999999999996362,0.0,67.00000000000004,0.0,69.99999999999636,0.0,0.0,0.0,14.800000000000077,0.0,0.0
31,0.0,4.999999999996362,0.0,79.0,0.0,0.0,5.0,0.0,10.000000000000178,0.0,0.0,4.000000000000144,9987.0,10000.0,0.0,86.99999999999986,0.0,70.00000000000003,0.0,0.0,0.0,0.0,0.0,0.0
31,0.0,6.999999999996362,0.0,66.0,0.0,0.0,5.0,0.0,10.000000000039826,0.0,0.0,5.00000000004993,0.0,5.999999999960104,0.0,94.99999999995006,0.0,64.00000000003985,0.0,0.0,0.0,0.0,0.0,0.0
31,0.0,6.0000000000000036,0.0,94.0,0.0,0.0,5.0,0.0,10.000000000000002,0.0,0.0,4.999999999999998,0.0,10.999999999999998,0.0,94.0,0.0,55.0,0.0,0.0,0.0,0.0,0.0,0.0
31,0.0,5.999999999996362,0.0,91.0,0.0,0.0,5.0,0.0,10.000000000000004,0.0,9994.0,10000.0,9994.0,10000.0,0.0,76.0,0.0,61.0,0.0,0.0,0.0,0.0,0.0,0.0
31,0.0,11.999999999996362,0.0,74.0,0.0,0.0,5.0,0.0,0.0,0.0,9985.0,10000.0,9980.0,10000.0,0.0,54.000000000000014,0.0,71.99999999999636,0.0,0.0,0.0,14.799999999999908,0.0,0.0
31,9986.0,10000.0,0.0,80.0,0.0,0.0,5.0,0.0,10.000000000000004,0.0,0.0,10.000000000000004,0.0,11.999999999999996,0.0,70.0,0.0,69.0,0.0,0.0,0.0,0.0,0.0,0.0
31,0.0,6.0,0.0,90.0,0.0,0.0,5.0,0.0,10.000000000000004,0.0,9989.0,10000.0,9991.0,10000.0,0.0,74.0,0.0,66.0,0.0,0.0,0.0,0.0,0.0,0.0
31,9987.0,10000.0,0.0,55.0,0.0,0.0,5.0,0.0,0.0,0.0,0.0,10.000000000000025,9977.0,10000.0,0.0,62.99999999999994,0.0,78.0,0.0,0.0,0.0,14.799999999999926,0.0,0.0
31,0.0,12.0,0.0,74.0,0.0,0.0,5.0,0.0,10.000000000000004,0.0,0.0,9.000000000000004,9989.0,10000.0,0.0,67.0,0.0,84.0,0.0,0.0,0.0,0.0,0.0,0.0
31,9987.0,10000.0,0.0,73.0,0.0,0.0,5.0,0.0,10.000000000000004,0.0,0.0,11.000000000000004,0.0,9.0,0.0,64.0,0.0,58.0,0.0,0.0,0.0,0.0,0.0,0.0
31,0.0,5.0,0.0,68.0,0.0,0.0,5.0,0.0,0.0,0.0,9984.0,10000.0,0.0,20.0,0.0,50.000000000000014,0.0,80.0,0.0,0.0,0.0,14.799999999999898,0.0,0.0
31,0.0,13.0,0.0,82.0,0.0,0.0,5.0,0.0,10.000000000000004,0.0,0.0,7.999999999999998,0.0,11.999999999999996,0.0,57.0,0.0,70.0,0.0,0.0,0.0,0.0,0.0,0.0
32,0.0,7.0,0.0,62.0,0.0,0.0,5.0,0.0,10.000000000000004,0.0,0.0,3.9999999999999982,0.0,12.0,0.0,92.0,0.0,70.0,0.0,0.0,0.0,0.0,0.0,0.0
32,9988.0,10000.0,0.0,74.0,0.0,0.0,5.0,0.0,9.999999999999998,0.0,0.0,11.000000000000005,9996.0,10000.0,0.0,93.0,0.0,85.0,0.0,0.0,0.0,0.0,0.0,0.0
32,0.0,11.000000000000004,0.0,87.0,0.0,0.0,5.0,0.0,9.999999999999998,0.0,9992.0,10000.0,9996.0,10000.0,0.0,75.0,0.0,94.0,0.0,0.0,0.0,0.0,0.0,0.0
32,9990.0,10000.0,0.0,74.0,0.0,0.0,5.0,0.0,10.0,0.0,9987.0,10000.0,0.0,10.0,0.0,84.0,0.0,59.0,0.0,0.0,0.0,0.0,0.0,0.0
32,0.0,11.0,0.0,81.0,0.0,0.0,5.0,0.0,10.0,0.0,0.0,5.0,0.0,7.0,0.0,83.0,0.0,84.0,0.0,0.0,0.0,0.0,0.0,0.0
32,0.0,14.0,0.0,75.0,0.0,0.0,5.0,0.0,10.0,0.0,0.0,11.0,0.0,9.0,0.0,83.0,0.0,81.0,0.0,0.0,0.0,0.0,0.0,0.0
32,0.0,5.0,0.0,80.0,0.0,0.0,5.0,0.0,10.0,0.0,0.0,5.0,0.0,13.0,0.0,68.0,0.0,95.0,0.0,0.0,0.0,0.0,0.0,0.0
32,0.0,6.0000000000000036,0.0,73.0,0.0,0.0,5.0,0.0,10.0,0.0,0.0,5.0,0.0,14.0,0.0,87.0,0.0,91.0,0.0,0.0,0.0,0.0,0.0,0.0
32,0.0,14.0,0.0,90.0,0.0,0.0,5.0,0.0,10.0,0.0,0.0,14.000000000000002,0.0,7.0,0.0,85.0,0.0,67.0,0.0,0.0,0.0,0.0,0.0,0.0
32,0.0,9.0,0.0,63.0,0.0,0.0,5.0,0.0,10.0,0.0,0.0,5.0,0.0,5.0,0.0,65.0,0.0,79.0,0.0,0.0,0.0,0.0,0.0,0.0
32,0.0,14.0,0.0,67.0,0.0,0.0,5.0,0.0,0.0,0.0,9980.999999999998,10000.0,0.0,15.000000000003638,0.0,53.99999999999782,0.0,75.99999999999636,0.0,0.0,0.0,14.800000000005385,0.0,0.0
32,0.0,14.000000000000007,0.0,81.0,0.0,0.0,5.0,0.0,10.0,0.0,0.0,8.0,0.0,13.0,0.0,73.0,0.0,80.0,0.0,0.0,0.0,0.0,0.0,0.0
32,9994.999999999996,10000.0,0.0,79.0,0.0,0.0,5.0,0.0,0.0,0.0,0.0,10.000000000003634,9976.999999999996,10000.0,0.0,80.99999999999636,0.0,59.99999999999636,0.0,0.0,0.0,14.800000000000011,0.0,0.0
32,0.0,7.0,0.0,66.0,0.0,0.0,5.0,0.0,10.000000000000004,0.0,0.0,4.999999999999998,0.0,5.9999999999999964,0.0,95.0,0.0,64.0,0.0,0.0,0.0,0.0,0.0,0.0
32,0.0,6.0,0.0,94.0,0.0,0.0,5.0,0.0,0.0,0.0,9989.0,10000.0,9979.0,10000.0,0.0,88.0,0.0,44.99999999999636,0.0,0.0,0.0,14.800000000000022,0.0,0.0
32,0.0,6.0000000000000036,0.0,91.0,0.0,0.0,5.0,0.0,10.0,0.0,9994.0,10000.0,0.0,6.0,0.0,76.0,0.0,61.0,0.0,0.0,0.0,0.0,0.0,0.0
32,0.0,12.0,0.0,74.0,0.0,0.0,5.0,0.0,0.0,0.0,9985.0,10000.0,0.0,20.000000000000014,0.0,53.99999999999999,0.0,71.99999999999636,0.0,0.0,0.0,14.800000000000022,0.0,0.0
32,0.0,14.0,0.0,80.0,0.0,0.0,5.0,0.0,10.000000000000004,0.0,9990.0,10000.0,0.0,11.999999999999996,0.0,70.0,0.0,69.0,0.0,0.0,0.0,0.0,0.0,0.0
32,0.0,6.0,0.0,90.0,0.0,0.0,5.0,0.0,10.0,0.0,0.0,11.0,9991.0,10000.0,0.0,74.0,0.0,66.0,0.0,0.0,0.0,0.0,0.0,0.0
32,0.0,13.0,0.0,55.0,0.0,0.0,5.0,0.0,10.0,0.0,9996.0,10000.0,0.0,13.0,0.0,69.0,0.0,88.0,0.0,0.0,0.0,0.0,0.0,0.0
32,9988.0,10000.0,0.0,74.0,0.0,0.0,5.0,0.0,0.0,0.0,0.0,15.0,9979.0,10000.0,0.0,61.0,0.0,74.0,0.0,0.0,0.0,14.8,0.0,0.0
32,0.0,13.0,0.0,73.0,0.0,0.0,5.0,0.0,0.0,0.0,9983.0,10000.0,0.0,19.0,0.0,58.0,0.0,48.0,0.0,0.0,0.0,14.8,0.0,0.0
32,0.0,5.0,0.0,68.0,0.0,0.0,5.0,0.0,10.000000000000004,0.0,0.0,9.999999999999998,9990.0,10000.0,0.0,56.0,0.0,90.0,0.0,0.0,0.0,0.0,0.0,0.0
32,0.0,13.0,0.0,82.0,0.0,0.0,5.0,0.0,10.000000000000004,0.0,9992.0,10000.0,0.0,11.999999999999996,0.0,57.0,0.0,70.0,0.0,0.0,0.0,0.0,0.0,0.0
33,0.0,7.0,0.0,62.0,0.0,0.0,5.0,0.0,10.0,0.0,9996.0,10000.0,0.0,12.0,0.0,92.0,0.0,70.0,0.0,0.0,0.0,0.0,0.0,0.0
33,0.0,12.000000000000007,0.0,74.0,0.0,0.0,5.0,0.0,10.0,0.0,0.0,11.0,9996.0,10000.0,0.0,93.0,0.0,85.0,0.0,0.0,0.0,0.0,0.0,0.0
33,0.0,11.0,0.0,87.0,0.0,0.0,5.0,0.0,10.0,0.0,0.0,8.0,0.0,4.0,0.0,75.0,0.0,94.0,0.0,0.0,0.0,0.0,0.0,0.0
33,0.0,10.000000000000004,0.0,74.0,0.0,0.0,5.0,0.0,9.999999999999998,0.0,0.0,13.000000000000005,9990.0,10000.0,0.0,84.0,0.0,59.0,0.0,0.0,0.0,0.0,0.0,0.0
33,0.0,11.0,0.0,81.0,0.0,0.0,5.0,0.0,10.0,0.0,0.0,5.0,0.0,7.0,0.0,83.0,0.0,84.0,0.0,0.0,0.0,0.0,0.0,0.0
33,0.0,14.0,0.0,75.0,0.0,0.0,5.0,0.0,9.999999999999998,0.0,0.0,11.000000000000005,0.0,9.000000000000002,0.0,83.0,0.0,81.0,0.0,0.0,0.0,0.0,0.0,0.0
33,0.0,5.0,0.0,80.0,0.0,0.0,5.0,0.0,0.0,0.0,9988.999999999998,10000.0,0.0,23.000000000003638,0.0,61.99999999999782,0.0,84.99999999999636,0.0,0.0,0.0,14.800000000005385,0.0,0.0
33,0.0,6.0,0.0,73.0,0.0,0.0,5.0,0.0,10.0,0.0,0.0,5.0,9986.0,10000.0,0.0,87.0,0.0,91.0,0.0,0.0,0.0,0.0,0.0,0.0
33,0.0,14.0,0.0,90.0,0.0,0.0,5.0,0.0,10.000000000007676,0.0,0.0,13.999999999995394,0.0,6.999999999992324,0.0,85.0000000000046,0.0,67.00000000000767,0.0,0.0,0.0,-1.136140781454742e-11,0.0,0.0
33,9991.0,10000.0,0.0,63.0,0.0,0.0,5.0,0.0,10.0,0.0,0.0,5.0,0.0,5.0,0.0,65.0,0.0,79.0,0.0,0.0,0.0,0.0,0.0,0.0
33,0.0,14.0,0.0,67.0,0.0,0.0,5.0,0.0,9.999999999999998,0.0,0.0,13.000000000000005,9995.0,10000.0,0.0,59.99999999999999,0.0,86.0,0.0,0.0,0.0,0.0,0.0,0.0
33,0.0,14.0,0.0,81.0,0.0,0.0,5.0,0.0,0.0,0.0,0.0,14.000000000000007,0.0,22.999999999996362,0.0,67.0,0.0,69.99999999999636,0.0,0.0,0.0,14.800000000000018,0.0,0.0
33,9995.0,10000.0,0.0,79.0,0.0,0.0,5.0,0.0,10.0,0.0,0.0,4.0,0.0,13.0,0.0,87.0,0.0,70.0,0.0,0.0,0.0,0.0,0.0,0.0
33,0.0,7.0,0.0,66.0,0.0,0.0,5.0,0.0,10.000000000005059,0.0,0.0,4.999999999996964,0.0,5.999999999994941,0.0,95.00000000000304,0.0,64.00000000000506,0.0,0.0,0.0,0.0,0.0,0.0
33,0.0,6.0,0.0,94.0,0.0,0.0,5.0,0.0,10.000000000000048,0.0,0.0,4.99999999999997,0.0,10.999999999999952,0.0,94.00000000000003,0.0,55.00000000000005,0.0,0.0,0.0,0.0,0.0,0.0
33,0.0,6.0,0.0,91.0,0.0,0.0,5.0,0.0,10.0,0.0,9994.0,10000.0,0.0,6.0,0.0,76.0,0.0,61.0,0.0,0.0,0.0,0.0,0.0,0.0
33,0.0,12.0,0.0,74.0,0.0,0.0,5.0,0.0,0.0,0.0,0.0,14.999999999997819,0.0,19.999999999996362,0.0,54.00000000000218,0.0,72.0,0.0,0.0,0.0,14.799999999994615,0.0,0.0
33,9986.0,10000.0,0.0,80.0,0.0,0.0,5.0,0.0,0.0,0.0,0.0,16.0,9978.0,10000.0,0.0,64.0,0.0,59.0,0.0,0.0,0.0,14.8,0.0,0.0
33,9994.0,10000.0,0.0,90.0,0.0,0.0,5.0,0.0,10.0,0.0,0.0,11.0,0.0,9.0,0.0,74.0,0.0,66.0,0.0,0.0,0.0,0.0,0.0,0.0
33,0.0,13.0,0.0,55.0,0.0,0.0,5.0,0.0,10.0,0.0,0.0,4.0,9987.0,10000.0,0.0,69.0,0.0,88.0,0.0,0.0,0.0,0.0,0.0,0.0
33,9988.0,10000.0,0.0,74.0,0.0,0.0,5.0,0.0,10.0,0.0,0.0,9.0,9989.0,10000.0,0.0,67.0,0.0,84.0,0.0,0.0,0.0,0.0,0.0,0.0
33,0.0,13.0,0.0,73.0,0.0,0.0,5.0,0.0,10.0,0.0,0.0,11.0,0.0,9.0,0.0,64.0,0.0,58.0,0.0,0.0,0.0,0.0,0.0,0.0
33,9995.0,10000.0,0.0,68.0,0.0,0.0,5.0,0.0,0.0,0.0,9984.0,10000.0,0.0,20.0,0.0,50.0,0.0,80.0,0.0,0.0,0.0,14.8,0.0,0.0
33,9987.0,10000.0,0.0,82.0,0.0,0.0,5.0,0.0,10.000000000000004,0.0,9992.0,10000.0,0.0,11.999999999999996,0.0,57.0,0.0,70.0,0.0,0.0,0.0,0.0,0.0,0.0
34,0.0,7.0,0.0,62.0,0.0,0.0,5.0,0.0,10.000000000000004,0.0,9996.0,10000.0,0.0,12.0,0.0,92.0,0.0,70.0,0.0,0.0,0.0,0.0,0.0,0.0
34,9988.0,10000.0,0.0,74.0,0.0,0.0,5.0,0.0,10.000000000000004,0.0,9989.0,10000.0,0.0,3.9999999999999964,0.0,93.0,0.0,85.0,0.0,0.0,0.0,0.0,0.0,0.0
34,0.0,11.0,0.0,87.0,0.0,0.0,5.0,0.0,10.000000000000004,0.0,0.0,7.999999999999998,9996.0,10000.0,0.0,75.0,0.0,94.0,0.0,0.0,0.0,0.0,0.0,0.0
34,9990.0,10000.0,0.0,74.0,0.0,0.0,5.0,0.0,10.000000000000004,0.0,0.0,12.999999999999998,9990.0,10000.0,0.0,84.0,0.0,59.0,0.0,0.0,0.0,0.0,0.0,0.0
34,0.0,11.000000000000004,0.0,81.0,0.0,0.0,5.0,0.0,10.000000000000004,0.0,0.0,4.999999999999998,0.0,6.9999999999999964,0.0,83.0,0.0,84.0,0.0,0.0,0.0,0.0,0.0,0.0
34,9986.0,10000.0,0.0,75.0,0.0,0.0,5.0,0.0,10.000000000000004,0.0,0.0,10.999999999999998,0.0,8.999999999999996,0.0,83.0,0.0,81.0,0.0,0.0,0.0,0.0,0.0,0.0
34,9995.0,10000.0,0.0,80.0,0.0,0.0,5.0,0.0,0.0,0.0,0.0,11.000000000000007,0.0,23.00000000000001,0.0,61.99999999999999,0.0,84.99999999999999,0.0,0.0,0.0,14.800000000000018,0.0,0.0
34,9994.0,10000.0,0.0,73.0,0.0,0.0,5.0,0.0,10.000000000000004,0.0,9995.0,10000.0,0.0,13.999999999999996,0.0,87.0,0.0,91.0,0.0,0.0,0.0,0.0,0.0,0.0
34,0.0,14.000000000000007,0.0,90.0,0.0,0.0,5.0,0.0,10.000000000000004,0.0,0.0,13.999999999999998,0.0,6.9999999999999964,0.0,85.0,0.0,67.0,0.0,0.0,0.0,0.0,0.0,0.0
34,9991.0,10000.0,0.0,63.0,0.0,0.0,5.0,0.0,10.000000000000004,0.0,0.0,4.999999999999998,0.0,4.9999999999999964,0.0,65.0,0.0,79.0,0.0,0.0,0.0,0.0,0.0,0.0
34,0.0,14.0,0.0,67.0,0.0,0.0,5.0,0.0,10.000000000000004,0.0,0.0,12.999999999999998,0.0,4.9999999999999964,0.0,60.0,0.0,86.0,0.0,0.0,0.0,0.0,0.0,0.0
34,0.0,14.000000000000007,0.0,81.0,0.0,0.0,5.0,0.0,10.000000000000004,0.0,0.0,7.999999999999998,0.0,12.999999999999996,0.0,73.0,0.0,80.0,0.0,0.0,0.0,0.0,0.0,0.0
34,9995.0,10000.0,0.0,78.99999999999996,0.0,0.0,4.999999999999961,0.0,9.999999999999961,0.0,0.0,4.000000000000039,0.0,13.000000000000039,0.0,86.99999999999996,0.0,69.99999999999996,0.0,0.0,0.0,0.0,0.0,0.0
34,0.0,7.0,0.0,66.0,0.0,0.0,5.0,0.0,10.0,0.0,0.0,5.000000000000002,9994.0,10000.0,0.0,95.0,0.0,64.0,0.0,0.0,0.0,0.0,0.0,0.0
34,9993.999999999996,9999.999999999996,0.0,94.0,0.0,0.0,5.0,0.0,3.645084234449314e-12,0.0,9989.000000000002,10000.0,9979.000000000004,10000.0,0.0,88.00000000000216,0.0,45.000000000003645,0.0,0.0,0.0,14.79999999999462,0.0,0.0
34,9993.999999999996,9999.999999999996,0.0,91.0,0.0,0.0,5.0,0.0,3.645084234449314e-12,0.0,0.0,11.999999999997826,0.0,15.999999999996355,0.0,70.00000000000217,0.0,51.000000000003645,0.0,0.0,0.0,14.799999999994617,0.0,0.0
34,9988.0,10000.0,0.0,74.0,0.0,0.0,5.0,0.0,0.0,0.0,0.0,15.000000000000007,0.0,20.000000000000014,0.0,53.99999999999999,0.0,71.99999999999999,0.0,0.0,0.0,14.800000000000018,0.0,0.0
34,0.0,14.0,0.0,80.0,0.0,0.0,5.0,0.0,0.0,0.0,0.0,16.0,9978.0,10000.0,0.0,64.0,0.0,59.0,0.0,0.0,0.0,14.8,0.0,0.0
34,0.0,6.0,0.0,90.0,0.0,0.0,5.0,0.0,10.000000000000004,0.0,0.0,10.999999999999998,0.0,9.0,0.0,74.0,0.0,66.0,0.0,0.0,0.0,0.0,0.0,0.0
34,0.0,13.0,0.0,55.0,0.0,0.0,5.0,0.0,10.000000000000004,0.0,0.0,3.9999999999999982,9987.0,10000.0,0.0,69.0,0.0,88.0,0.0,0.0,0.0,0.0,0.0,0.0
34,0.0,12.0,0.0,74.0,0.0,0.0,5.0,0.0,10.000000000000004,0.0,9991.0,10000.0,9989.0,10000.0,0.0,67.0,0.0,84.0,0.0,0.0,0.0,0.0,0.0,0.0
34,0.0,13.0,0.0,73.0,0.0,0.0,5.0,0.0,0.0,0.0,0.0,17.0,0.0,19.0,0.0,58.0,0.0,48.0,0.0,0.0,0.0,14.8,0.0,0.0
34,0.0,5.0,0.0,68.0,0.0,0.0,5.0,0.0,0.0,0.0,0.0,16.000000000000004,9980.0,10000.0,0.0,50.0,0.0,80.0,0.0,0.0,0.0,14.800000000000004,0.0,0.0
34,0.0,13.0,0.0,82.0,0.0,0.0,5.0,0.0,10.000000000000004,0.0,9992.0,10000.0,0.0,11.999999999999996,0.0,57.0,0.0,70.0,0.0,0.0,0.0,0.0,0.0,0.0
35,9993.0,10000.0,0.0,62.0,0.0,0.0,5.0,0.0,10.000000000000004,0.0,0.0,3.9999999999999982,9988.0,10000.0,0.0,92.0,0.0,70.0,0.0,0.0,0.0,0.0,0.0,0.0
35,0.0,12.0,0.0,74.0,0.0,0.0,5.0,0.0,0.0,0.0,0.0,17.000000000000007,0.0,14.000000000000014,0.0,87.0,0.0,74.99999999999636,0.0,0.0,0.0,14.800000000000022,0.0,0.0
35,9989.0,10000.0,0.0,87.0,0.0,0.0,5.0,0.0,10.0,0.0,9992.0,10000.0,9996.0,10000.0,0.0,75.0,0.0,94.0,0.0,0.0,0.0,0.0,0.0,0.0
35,0.0,10.0,0.0,74.0,0.0,0.0,5.0,0.0,0.0,0.0,0.0,19.00000000000218,0.0,20.000000000003638,0.0,77.99999999999781,0.0,48.99999999999636,0.0,0.0,0.0,14.800000000005385,0.0,0.0
35,0.0,11.0,0.0,81.0,0.0,0.0,5.0,0.0,10.0,0.0,0.0,5.0,0.0,6.999999999899956,0.0,83.0,0.0,84.0,0.0,0.0,0.0,0.0,0.0,0.0
35,9986.0,10000.0,0.0,75.0,0.0,0.0,5.0,0.0,10.000000000000004,0.0,0.0,10.999999999999998,0.0,8.999999999999996,0.0,83.0,0.0,81.0,0.0,0.0,0.0,0.0,0.0,0.0
35,9995.0,10000.0,0.0,80.0,0.0,0.0,5.0,0.0,10.000000000000004,0.0,0.0,4.999999999999998,0.0,12.999999999999996,0.0,68.0,0.0,95.0,0.0,0.0,0.0,0.0,0.0,0.0
35,9994.0,10000.0,0.0,73.0,0.0,0.0,5.0,0.0,0.0,0.0,9988.999999999998,10000.0,0.0,24.000000000003638,0.0,80.99999999999781,0.0,80.99999999999636,0.0,0.0,0.0,14.800000000005385,0.0,0.0
35,0.0,14.0,0.0,90.0,0.0,0.0,5.0,0.0,10.0,0.0,0.0,14.000000000000002,0.0,7.0,0.0,85.0,0.0,67.0,0.0,0.0,0.0,0.0,0.0,0.0
35,9991.0,10000.0,0.0,63.0,0.0,0.0,5.0,0.0,10.000000000000004,0.0,0.0,4.999999999999998,0.0,4.9999999999999964,0.0,65.0,0.0,79.0,0.0,0.0,0.0,0.0,0.0,0.0
35,0.0,14.0,0.0,67.0,0.0,0.0,5.0,0.0,10.0,0.0,0.0,13.0,0.0,5.0,0.0,60.0,0.0,86.0,0.0,0.0,0.0,0.0,0.0,0.0
35,0.0,14.0,0.0,81.0,0.0,0.0,5.0,0.0,9.999999999999998,0.0,0.0,8.000000000000005,0.0,13.000000000000002,0.0,73.0,0.0,80.0,0.0,0.0,0.0,0.0,0.0,0.0
35,0.0,5.0,0.0,79.0,0.0,0.0,5.0,0.0,10.000000000000004,0.0,0.0,3.9999999999999987,0.0,12.999999999999996,0.0,87.0,0.0,70.0,0.0,0.0,0.0,0.0,0.0,0.0
35,0.0,6.999999999996362,0.0,66.0,0.0,0.0,5.0,0.0,9.999999999999998,0.0,9995.0,10000.0,9994.0,10000.0,0.0,95.0,0.0,64.0,0.0,0.0,0.0,0.0,0.0,0.0
35,0.0,6.0,0.0,94.0,0.0,0.0,5.0,0.0,10.0,0.0,0.0,5.0,0.0,11.0,0.0,94.0,0.0,55.0,0.0,0.0,0.0,0.0,0.0,0.0
35,0.0,6.0,0.0,91.0,0.0,0.0,5.0,0.0,0.0,0.0,9988.0,10000.0,0.0,15.999999999996362,0.0,70.0,0.0,50.99999999999636,0.0,0.0,0.0,14.800000000000022,0.0,0.0
35,0.0,12.0,0.0,74.0,0.0,0.0,5.0,0.0,0.0,0.0,0.0,14.999999999997819,0.0,19.999999999996362,0.0,54.00000000000218,0.0,72.0,0.0,0.0,0.0,14.799999999994617,0.0,0.0
35,9986.0,10000.0,0.0,80.0,0.0,0.0,5.0,0.0,0.0,0.0,0.0,16.0,9978.0,10000.0,0.0,64.0,0.0,59.0,0.0,0.0,0.0,14.8,0.0,0.0
35,9994.0,10000.0,0.0,90.0,0.0,0.0,5.0,0.0,10.0,0.0,0.0,11.0,0.0,9.0,0.0,74.0,0.0,66.0,0.0,0.0,0.0,0.0,0.0,0.0
35,0.0,13.0,0.0,55.0,0.0,0.0,5.0,0.0,10.0,0.0,0.0,4.0,9987.0,10000.0,0.0,69.0,0.0,88.0,0.0,0.0,0.0,0.0,0.0,0.0
35,9988.0,10000.0,0.0,74.0,0.0,0.0,5.0,0.0,10.0,0.0,9991.0,10000.0,9989.0,10000.0,0.0,67.0,0.0,84.0,0.0,0.0,0.0,0.0,0.0,0.0
35,0.0,13.0,0.0,73.0,0.0,0.0,5.0,0.0,10.0,0.0,0.0,11.0,9991.0,10000.0,0.0,64.0,0.0,58.0,0.0,0.0,0.0,0.0,0.0,0.0
35,9995.0,10000.0,0.0,68.0,0.0,0.0,5.0,0.0,10.0,0.0,0.0,10.0,0.0,10.0,0.0,56.0,0.0,90.0,0.0,0.0,0.0,0.0,0.0,0.0
35,0.0,13.0,0.0,82.0,0.0,0.0,5.0,0.0,10.000000000000004,0.0,9992.0,10000.0,0.0,11.999999999999996,0.0,57.0,0.0,70.0,0.0,0.0,0.0,0.0,0.0,0.0
36,9993.0,10000.0,0.0,62.0,0.0,0.0,5.0,0.0,10.0,0.0,0.0,4.0,0.0,12.0,0.0,92.0,0.0,70.0,0.0,0.0,0.0,0.0,0.0,0.0
36,9988.0,10000.0,0.0,74.0,0.0,0.0,5.0,0.0,10.0,0.0,9989.0,10000.0,0.0,4.0,0.0,93.0,0.0,85.0,0.0,0.0,0.0,0.0,0.0,0.0
36,0.0,11.0,0.0,87.0,0.0,0.0,5.0,0.0,10.0,0.0,0.0,8.0,9996.0,10000.0,0.0,75.0,0.0,94.0,0.0,0.0,0.0,0.0,0.0,0.0
36,9989.999999999996,9999.999999999996,0.0,74.0,0.0,0.0,5.0,0.0,3.645084234449314e-12,0.0,0.0,18.999999999997836,9980.000000000004,10000.0,0.0,78.00000000000216,0.0,49.000000000003645,0.0,0.0,0.0,14.799999999994622,0.0,0.0
36,0.0,11.0,0.0,81.0,0.0,0.0,5.0,0.0,10.0,0.0,0.0,5.0,0.0,7.0,0.0,83.0,0.0,84.0,0.0,0.0,0.0,0.0,0.0,0.0
36,9986.0,10000.0,0.0,75.0,0.0,0.0,5.0,0.0,10.0,0.0,0.0,11.0,0.0,9.0,0.0,83.0,0.0,81.0,0.0,0.0,0.0,0.0,0.0,0.0
36,9994.999999999998,9999.999999999996,0.0,80.00000000000001,1.0658141036401503e-14,0.0,5.000000000000011,0.0,0.0,0.0,9989.0,10000.0,9977.0,10000.0,0.0,62.00000000000001,0.0,85.0,0.0,0.0,0.0,14.80000000000001,0.0,0.0
36,9994.0,10000.0,0.0,72.99999999999974,0.0,0.0,4.999999999999739,0.0,9.999999999999739,0.0,0.0,5.000000000000261,0.0,14.000000000000261,0.0,86.99999999999974,0.0,90.99999999999974,0.0,0.0,0.0,0.0,0.0,0.0
36,0.0,14.0,0.0,90.0,0.0,0.0,5.0,0.0,9.999999999999998,0.0,0.0,14.000000000000005,0.0,7.000000000000002,0.0,85.0,0.0,67.0,0.0,0.0,0.0,0.0,0.0,0.0
36,9991.0,10000.0,0.0,63.0,0.0,0.0,5.0,0.0,10.0,0.0,0.0,5.0,0.0,5.0,0.0,65.0,0.0,79.0,0.0,0.0,0.0,0.0,0.0,0.0
36,9986.0,10000.0,0.0,67.0,0.0,0.0,5.0,0.0,9.999999999999998,0.0,0.0,13.000000000000005,0.0,5.000000000000002,0.0,59.99999999999999,0.0,86.0,0.0,0.0,0.0,0.0,0.0,0.0
36,0.0,14.0,0.0,81.0,0.0,0.0,5.0,0.0,9.999999999999998,0.0,0.0,8.000000000000005,0.0,13.000000000000002,0.0,73.0,0.0,80.0,0.0,0.0,0.0,0.0,0.0,0.0
36,9995.0,10000.0,0.0,79.0,1.7763568394002505e-15,0.0,5.000000000000002,0.0,10.000000000000004,0.0,0.0,3.9999999999999982,0.0,12.999999999999996,0.0,87.0,0.0,70.0,0.0,0.0,0.0,0.0,0.0,0.0
36,0.0,7.0,0.0,66.0,0.0,0.0,5.0,0.0,10.000000000000002,0.0,9995.0,10000.0,0.0,5.999999999999998,0.0,95.0,0.0,64.0,0.0,0.0,0.0,0.0,0.0,0.0
36,9994.0,10000.0,0.0,94.0,0.0,0.0,5.0,0.0,10.0,0.0,0.0,5.0,9989.0,10000.0,0.0,94.0,0.0,55.0,0.0,0.0,0.0,0.0,0.0,0.0
36,0.0,6.0,0.0,91.0,0.0,0.0,5.0,0.0,0.0,0.0,0.0,12.0,0.0,16.000000000000004,0.0,70.0,0.0,51.0,0.0,0.0,0.0,14.8,0.0,0.0
36,9988.0,10000.0,0.0,74.0,0.0,0.0,5.0,0.0,3.637978807091713e-12,0.0,9985.000000000002,10000.0,9980.000000000004,10000.0,0.0,54.00000000000218,0.0,72.00000000000364,0.0,0.0,0.0,14.799999999994617,0.0,0.0
36,9986.0,10000.0,0.0,80.0,0.0,0.0,5.0,0.0,10.0,0.0,0.0,10.0,0.0,12.0,0.0,70.0,0.0,69.0,0.0,0.0,0.0,0.0,0.0,0.0
36,9994.0,10000.0,0.0,90.0,0.0,0.0,5.0,0.0,10.0,0.0,9989.0,10000.0,9991.0,10000.0,0.0,74.0,0.0,66.0,0.0,0.0,0.0,0.0,0.0,0.0
36,0.0,13.0,0.0,55.0,0.0,0.0,5.0,0.0,10.0,0.0,0.0,4.0,0.0,13.0,0.0,69.0,0.0,88.0,0.0,0.0,0.0,0.0,0.0,0.0
36,9988.0,10000.0,0.0,74.0,0.0,0.0,5.0,0.0,10.0,0.0,9991.0,10000.0,0.0,11.0,0.0,67.0,0.0,84.0,0.0,0.0,0.0,0.0,0.0,0.0
36,0.0,13.0,0.0,73.0,0.0,0.0,5.0,0.0,0.0,0.0,9983.0,10000.0,0.0,19.0,0.0,58.0,0.0,48.0,0.0,0.0,0.0,14.8,0.0,0.0
36,9995.0,10000.0,0.0,68.0,0.0,0.0,5.0,0.0,0.0,0.0,0.0,16.0,9980.0,10000.0,0.0,50.0,0.0,80.0,0.0,0.0,0.0,14.8,0.0,0.0
36,0.0,13.0,0.0,82.0,0.0,0.0,5.0,0.0,10.000000000000004,0.0,9992.0,10000.0,0.0,12.0,0.0,57.0,0.0,70.0,0.0,0.0,0.0,0.0,0.0,0.0
37,0.0,7.0,0.0,62.0,0.0,0.0,5.0,0.0,10.0,0.0,0.0,4.0,0.0,12.0,0.0,92.0,0.0,70.0,0.0,0.0,0.0,0.0,0.0,0.0
37,0.0,12.0,0.0,74.0,0.0,0.0,5.0,0.0,10.0,0.0,0.0,11.0,9996.0,10000.0,0.0,93.0,0.0,85.0,0.0,0.0,0.0,0.0,0.0,0.0
37,0.0,11.0,0.0,87.0,0.0,0.0,5.0,0.0,10.000000000000004,0.0,9992.0,10000.0,9996.0,10000.0,0.0,75.0,0.0,94.0,0.0,0.0,0.0,0.0,0.0,0.0
37,0.0,10.0,0.0,74.0,0.0,0.0,5.0,0.0,0.0,0.0,0.0,19.000000000000007,0.0,20.000000000000014,0.0,78.0,0.0,48.99999999999636,0.0,0.0,0.0,14.800000000000015,0.0,0.0
37,0.0,11.0,0.0,81.0,0.0,0.0,5.0,0.0,10.000000000000002,0.0,0.0,5.0,0.0,6.999999999999998,0.0,83.0,0.0,84.0,0.0,0.0,0.0,0.0,0.0,0.0
37,0.0,14.0,0.0,75.0,0.0,0.0,5.0,0.0,10.0,0.0,0.0,11.0,0.0,9.0,0.0,83.0,0.0,81.0,0.0,0.0,0.0,0.0,0.0,0.0
37,0.0,5.0,0.0,80.0,0.0,0.0,5.0,0.0,10.0,0.0,9995.0,10000.0,9987.0,10000.0,0.0,68.0,0.0,95.0,0.0,0.0,0.0,0.0,0.0,0.0
37,0.0,6.0,0.0,73.0,0.0,0.0,5.0,0.0,10.0,0.0,0.0,5.0,0.0,14.0,0.0,87.0,0.0,91.0,0.0,0.0,0.0,0.0,0.0,0.0
37,0.0,14.0,0.0,90.0,0.0,0.0,5.0,0.0,10.0,0.0,0.0,14.0,0.0,7.0,0.0,85.0,0.0,67.0,0.0,0.0,0.0,0.0,0.0,0.0
37,0.0,9.0,0.0,63.0,0.0,0.0,5.0,0.0,9.999999999999998,0.0,0.0,5.000000000000005,0.0,5.000000000000002,0.0,65.0,9921.0,10000.0,0.0,0.0,0.0,0.0,0.0,0.0
37,0.0,14.0,0.0,67.0,0.0,0.0,5.0,0.0,0.0,0.0,0.0,19.00000000000218,0.0,15.000000000003638,0.0,53.99999999999782,0.0,75.99999999999636,0.0,0.0,0.0,14.800000000005385,0.0,0.0
37,9986.0,10000.0,0.0,81.0,0.0,0.0,5.0,0.0,10.000000000000004,0.0,0.0,7.999999999999998,0.0,12.999999999999996,0.0,73.0,0.0,80.0,0.0,0.0,0.0,0.0,0.0,0.0
37,0.0,5.0,0.0,79.0,0.0,0.0,5.0,0.0,10.0,0.0,0.0,3.9999999999999987,0.0,13.0,0.0,87.0,0.0,70.0,0.0,0.0,0.0,0.0,0.0,0.0
37,0.0,7.0,0.0,66.0,0.0,0.0,5.0,0.0,10.0,0.0,9995.0,10000.0,9994.0,10000.0,0.0,95.0,0.0,64.0,0.0,0.0,0.0,0.0,0.0,0.0
37,0.0,6.0,0.0,94.0,0.0,0.0,5.0,0.0,10.0,0.0,0.0,5.0,0.0,11.0,0.0,94.0,0.0,55.0,0.0,0.0,0.0,0.0,0.0,0.0
37,0.0,6.0,0.0,91.0,0.0,0.0,5.0,0.0,0.0,0.0,9988.0,10000.0,0.0,16.000000000000014,0.0,70.0,0.0,50.99999999999636,0.0,0.0,0.0,14.800000000000015,0.0,0.0
37,0.0,12.0,0.0,74.0,0.0,0.0,5.0,0.0,0.0,0.0,0.0,15.000000000000007,0.0,20.000000000000014,0.0,53.99999999999999,0.0,71.99999999999636,0.0,0.0,0.0,14.800000000000015,0.0,0.0
37,0.0,14.0,0.0,80.0,0.0,0.0,5.0,0.0,0.0,0.0,9984.0,10000.0,0.0,22.0,0.0,64.0,0.0,59.0,0.0,0.0,0.0,14.8,0.0,0.0
37,0.0,6.0,0.0,90.0,0.0,0.0,5.0,0.0,10.0,0.0,0.0,11.0,0.0,9.0,0.0,74.0,0.0,66.0,0.0,0.0,0.0,0.0,0.0,0.0
37,0.0,13.0,0.0,55.0,0.0,0.0,5.0,0.0,10.0,0.0,0.0,4.0,9987.0,10000.0,0.0,69.0,0.0,88.0,0.0,0.0,0.0,0.0,0.0,0.0
37,9988.0,10000.0,0.0,74.0,0.0,0.0,5.0,0.0,10.0,0.0,0.0,9.0,0.0,11.0,0.0,67.0,0.0,84.0,0.0,0.0,0.0,0.0,0.0,0.0
37,9987.0,10000.0,0.0,73.0,0.0,0.0,5.0,0.0,10.0,0.0,9989.0,10000.0,9991.0,10000.0,0.0,64.0,0.0,58.0,0.0,0.0,0.0,0.0,0.0,0.0
37,0.0,5.0,0.0,68.0,0.0,0.0,5.0,0.0,10.0,0.0,0.0,10.0,9990.0,10000.0,0.0,56.0,0.0,90.0,0.0,0.0,0.0,0.0,0.0,0.0
37,9987.0,10000.0,0.0,82.0,0.0,0.0,5.0,0.0,10.000000000000004,0.0,9992.0,10000.0,0.0,11.999999999999996,0.0,57.0,0.0,70.0,0.0,0.0,0.0,0.0,0.0,0.0
38,0.0,7.0,0.0,62.0,0.0,0.0,5.0,0.0,10.0,0.0,0.0,4.0,0.0,12.0,0.0,92.0,0.0,70.0,0.0,0.0,0.0,0.0,0.0,0.0
38,0.0,12.0,0.0,74.0,0.0,0.0,5.0,0.0,10.0,0.0,0.0,11.0,9996.0,10000.0,0.0,93.0,0.0,85.0,0.0,0.0,0.0,0.0,0.0,0.0
38,0.0,11.0,0.0,87.0,0.0,0.0,5.0,0.0,0.0,0.0,0.0,14.00000000000021,9986.0,10000.0,0.0,68.99999999999979,0.0,83.99999999997635,0.0,0.0,0.0,14.800000000000528,0.0,0.0
38,9990.0,10000.0,0.0,74.0,0.0,0.0,5.0,0.0,10.0,0.0,0.0,13.0,0.0,10.0,0.0,84.0,0.0,59.0,0.0,0.0,0.0,0.0,0.0,0.0
38,0.0,11.0,0.0,81.0,0.0,0.0,5.0,0.0,10.0,0.0,0.0,5.0,0.0,7.0,0.0,83.0,0.0,84.0,0.0,0.0,0.0,0.0,0.0,0.0
38,9986.0,10000.0,0.0,75.0,1.7763568394002505e-15,0.0,5.000000000000002,0.0,9.999999999999995,0.0,0.0,11.000000000000002,0.0,9.000000000000005,0.0,83.0,0.0,81.0,0.0,0.0,0.0,0.0,0.0,0.0
38,0.0,5.0,0.0,80.0,0.0,0.0,5.0,0.0,10.0,0.0,0.0,5.0,0.0,13.0,0.0,68.0,0.0,95.0,0.0,0.0,0.0,0.0,0.0,0.0
38,0.0,6.0,0.0,73.0,0.0,0.0,5.0,0.0,10.0,0.0,0.0,4.999999999999998,0.0,14.0,0.0,87.0,0.0,91.0,0.0,0.0,0.0,0.0,0.0,0.0
38,0.0,14.0,0.0,90.0,0.0,0.0,5.0,0.0,10.0,0.0,0.0,14.0,0.0,7.0,0.0,85.0,0.0,67.0,0.0,0.0,0.0,0.0,0.0,0.0
38,0.0,9.0,0.0,63.0,0.0,0.0,5.0,0.0,9.999999999999998,0.0,9995.0,10000.0,0.0,5.000000000000002,0.0,65.0,0.0,79.0,0.0,0.0,0.0,0.0,0.0,0.0
38,9986.0,10000.0,0.0,67.0,0.0,0.0,5.0,0.0,10.0,0.0,0.0,13.0,0.0,4.999999999999999,0.0,60.0,0.0,86.0,0.0,0.0,0.0,0.0,0.0,0.0
38,0.0,14.0,0.0,81.0,0.0,0.0,5.0,0.0,0.0,0.0,0.0,14.000000000012005,0.0,23.00000000002001,0.0,66.99999999998799,0.0,69.99999999997999,0.0,0.0,0.0,14.800000000029613,0.0,0.0
38,0.0,5.0,0.0,79.0,0.0,0.0,5.0,0.0,10.0,0.0,0.0,3.9999999999999987,0.0,13.0,0.0,87.0,0.0,70.0,0.0,0.0,0.0,0.0,0.0,0.0
38,0.0,7.0,0.0,66.0,0.0,0.0,5.0,0.0,0.0,0.0,0.0,11.00000000000021,9984.0,10000.0,0.0,88.99999999999979,0.0,53.99999999997817,0.0,0.0,0.0,14.800000000000528,0.0,0.0
38,0.0,6.0,0.0,94.0,0.0,0.0,5.0,0.0,10.0,0.0,0.0,5.0,9989.0,10000.0,0.0,94.0,0.0,55.0,0.0,0.0,0.0,0.0,0.0,0.0
38,0.0,6.0,0.0,91.0,0.0,0.0,5.0,0.0,10.0,0.0,0.0,6.0,0.0,6.0,0.0,76.0,0.0,61.0,0.0,0.0,0.0,0.0,0.0,0.0
38,0.0,12.0,0.0,74.0,0.0,0.0,5.0,0.0,0.0,0.0,0.0,15.00000000000021,0.0,20.000000000000355,0.0,53.99999999999979,0.0,71.99999999998727,0.0,0.0,0.0,14.800000000000528,0.0,0.0
38,0.0,14.0,0.0,80.0,0.0,0.0,5.0,0.0,10.0,0.0,0.0,10.0,9988.0,10000.0,0.0,70.0,0.0,69.0,0.0,0.0,0.0,0.0,0.0,0.0
38,0.0,6.0,0.0,90.0,0.0,0.0,5.0,0.0,10.0,0.0,0.0,11.0,0.0,9.0,0.0,74.0,0.0,66.0,0.0,0.0,0.0,0.0,0.0,0.0
38,0.0,13.0,0.0,55.0,0.0,0.0,5.0,0.0,10.0,0.0,0.0,4.0,9987.0,10000.0,0.0,69.0,0.0,88.0,0.0,0.0,0.0,0.0,0.0,0.0
38,0.0,12.0,0.0,74.0,0.0,0.0,5.0,0.0,10.0,0.0,9991.0,10000.0,9989.0,10000.0,0.0,67.0,0.0,84.0,0.0,0.0,0.0,0.0,0.0,0.0
38,0.0,13.0,0.0,73.0,0.0,0.0,5.0,0.0,0.0,0.0,0.0,17.0,9981.0,10000.0,0.0,58.0,0.0,48.0,0.0,0.0,0.0,14.8,0.0,0.0
38,0.0,5.0,0.0,68.0,0.0,0.0,5.0,0.0,0.0,0.0,0.0,16.0,0.0,20.0,0.0,50.0,0.0,80.0,0.0,0.0,0.0,14.8,0.0,0.0
38,0.0,13.0,0.0,82.0,0.0,0.0,5.0,0.0,10.000000000000004,0.0,0.0,7.999999999999998,0.0,11.999999999999996,0.0,57.0,0.0,70.0,0.0,0.0,0.0,0.0,0.0,0.0
39,0.0,7.0,0.0,62.0,0.0,0.0,5.0,0.0,10.000000000000004,0.0,9996.0,10000.0,9988.0,10000.0,0.0,92.0,0.0,70.0,0.0,0.0,0.0,0.0,0.0,0.0
39,0.0,12.000000000000004,0.0,74.0,0.0,0.0,5.0,0.0,0.0,0.0,0.0,16.999999999999954,9986.0,10000.0,0.0,87.00000000000004,0.0,75.0,0.0,0.0,0.0,14.800000000000056,0.0,0.0
39,0.0,10.999999999996362,0.0,87.0,0.0,0.0,5.0,0.0,9.999999999999448,0.0,0.0,7.999999999999309,0.0,4.0000000000005524,0.0,75.0000000000007,0.0,93.99999999999945,0.0,0.0,0.0,0.0,0.0,0.0
39,0.0,10.000000000000004,0.0,74.0,0.0,0.0,5.0,0.0,10.000000000000197,0.0,0.0,13.000000000000266,0.0,9.999999999999787,0.0,83.99999999999973,0.0,59.00000000000022,0.0,0.0,0.0,0.0,0.0,0.0
39,0.0,10.999999999996362,0.0,81.0,0.0,0.0,5.0,0.0,10.000000000000004,0.0,9995.0,10000.0,0.0,6.9999999999999964,0.0,83.0,0.0,84.0,0.0,0.0,0.0,0.0,0.0,0.0
39,0.0,14.000000000000007,0.0,75.0,0.0,0.0,5.0,0.0,0.0,0.0,0.0,17.000000000000142,0.0,18.99999999999995,0.0,76.99999999999972,0.0,71.00000000000004,0.0,0.0,0.0,14.80000000000006,0.0,0.0
39,0.0,5.000000000000002,0.0,80.0,0.0,0.0,5.0,0.0,10.0,0.0,9995.0,10000.0,0.0,13.0,0.0,68.0,0.0,95.0,0.0,0.0,0.0,0.0,0.0,0.0
39,0.0,5.999999999996362,0.0,73.0,0.0,0.0,5.0,0.0,10.00000000001815,0.0,0.0,5.0,0.0,13.99999999998185,0.0,86.99999999997723,0.0,91.00000000001803,0.0,0.0,0.0,0.0,0.0,0.0
39,0.0,13.999999999996362,0.0,90.0,0.0,0.0,5.0,0.0,10.000000000000004,0.0,0.0,14.000000000000004,0.0,6.9999999999999964,0.0,85.0,0.0,67.0,0.0,0.0,0.0,0.0,0.0,0.0
39,0.0,9.000000000000004,0.0,63.0,0.0,0.0,5.0,0.0,10.000000000000004,0.0,0.0,5.0000000000000036,0.0,4.9999999999999964,0.0,65.0,0.0,79.0,0.0,0.0,0.0,0.0,0.0,0.0
39,0.0,8.999999999999993,0.0,72.0,5.000000000000007,0.0,10.000000000000007,0.0,15.000000000000007,0.0,0.0,7.999999999999993,0.0,0.0,0.0,65.0,0.0,91.0,0.0,0.0,0.0,0.0,0.0,0.0
39,0.0,14.000000000000004,0.0,81.0,0.0,0.0,5.0,0.0,0.0,0.0,0.0,14.000000000000043,0.0,23.0,0.0,66.99999999999993,0.0,70.0,0.0,0.0,0.0,14.800000000000033,0.0,0.0
39,0.0,4.999999999996362,0.0,79.0,0.0,0.0,5.0,0.0,9.999999999987246,0.0,0.0,3.999999999983973,0.0,13.000000000012754,0.0,87.00000000001594,0.0,69.99999999998724,0.0,0.0,0.0,0.0,0.0,0.0
39,0.0,6.999999999998181,0.0,66.0,0.0,0.0,5.0,0.0,10.000000000000004,0.0,0.0,5.0000000000000036,0.0,5.9999999999999964,0.0,95.0,0.0,64.0,0.0,0.0,0.0,0.0,0.0,0.0
39,0.0,5.999999999996362,0.0,94.0,0.0,0.0,5.0,0.0,10.000000000000004,0.0,0.0,5.0000000000000036,9989.0,10000.0,0.0,94.0,0.0,55.0,0.0,0.0,0.0,0.0,0.0,0.0
39,0.0,6.0000000000000036,0.0,91.0,0.0,0.0,5.0,0.0,0.0,0.0,9988.0,10000.0,0.0,16.0,0.0,69.99999999999997,0.0,51.0,0.0,0.0,0.0,14.799999999999901,0.0,0.0
39,0.0,12.0,0.0,74.0,0.0,0.0,5.0,0.0,0.0,0.0,0.0,15.00000000000005,0.0,20.0,0.0,53.999999999999915,0.0,72.0,0.0,0.0,0.0,14.799999999999768,0.0,0.0
39,9986.0,10000.0,0.0,80.0,0.0,0.0,5.0,0.0,0.0,0.0,9983.999999999996,10000.0,0.0,22.0,0.0,63.99999999999627,0.0,59.0,0.0,0.0,0.0,14.800000000002985,0.0,0.0
39,9994.0,10000.0,0.0,90.0,0.0,0.0,5.0,0.0,10.000000000000004,0.0,0.0,11.000000000000004,9991.0,10000.0,0.0,74.0,0.0,66.0,0.0,0.0,0.0,0.0,0.0,0.0
39,0.0,13.0,0.0,55.0,0.0,0.0,5.0,0.0,10.000000000000004,0.0,9996.0,10000.0,0.0,12.999999999999996,0.0,69.0,0.0,88.0,0.0,0.0,0.0,0.0,0.0,0.0
39,0.0,12.0,0.0,74.0,0.0,0.0,5.0,0.0,10.000000000000004,0.0,0.0,9.000000000000004,0.0,11.0,0.0,67.0,0.0,84.0,0.0,0.0,0.0,0.0,0.0,0.0
39,0.0,13.0,0.0,73.0,0.0,0.0,5.0,0.0,10.000000000000004,0.0,0.0,11.000000000000004,9991.0,10000.0,0.0,64.0,0.0,58.0,0.0,0.0,0.0,0.0,0.0,0.0
39,0.0,5.0,0.0,68.0,0.0,0.0,5.0,0.0,10.000000000000004,0.0,0.0,10.000000000000004,9990.0,10000.0,0.0,56.0,0.0,90.0,0.0,0.0,0.0,0.0,0.0,0.0
39,9987.0,10000.0,0.0,82.0,0.0,0.0,5.0,0.0,10.000000000000004,0.0,0.0,7.999999999999998,9988.0,10000.0,0.0,57.0,0.0,70.0,0.0,0.0,0.0,0.0,0.0,0.0
40,0.0,7.0,0.0,62.0,0.0,0.0,5.0,0.0,10.0,0.0,9996.0,10000.0,0.0,12.0,0.0,92.0,0.0,70.0,0.0,0.0,0.0,0.0,0.0,0.0
40,0.0,12.0,0.0,74.0,0.0,0.0,5.0,0.0,10.0,0.0,9989.0,10000.0,0.0,4.0,0.0,93.0,0.0,85.0,0.0,0.0,0.0,0.0,0.0,0.0
40,0.0,11.0,0.0,87.0,0.0,0.0,5.0,0.0,10.0,0.0,0.0,8.0,9996.0,10000.0,0.0,75.0,0.0,94.0,0.0,0.0,0.0,0.0,0.0,0.0
40,0.0,10.0,0.0,74.0,0.0,0.0,5.0,0.0,10.0,0.0,0.0,13.0,9990.0,10000.0,0.0,84.0,0.0,59.0,0.0,0.0,0.0,0.0,0.0,0.0
40,0.0,11.0,0.0,81.0,0.0,0.0,5.0,0.0,3.637978807091713e-12,0.0,0.0,10.999999999997844,3.630873379734112e-12,16.999999999999993,0.0,77.00000000000216,0.0,74.00000000000364,0.0,0.0,0.0,14.799999999994638,0.0,0.0
40,0.0,14.0,0.0,75.0,0.0,0.0,5.0,0.0,10.0,0.0,0.0,11.0,9991.0,10000.0,0.0,83.0,0.0,81.0,0.0,0.0,0.0,0.0,0.0,0.0
40,0.0,5.0,0.0,80.0,0.0,0.0,5.0,0.0,10.0,0.0,9995.0,10000.0,0.0,13.0,0.0,68.0,0.0,95.0,0.0,0.0,0.0,0.0,0.0,0.0
40,0.0,6.0,0.0,73.0,0.0,0.0,5.0,0.0,10.0,0.0,0.0,5.0,0.0,14.0,0.0,87.0,0.0,91.0,0.0,0.0,0.0,0.0,0.0,0.0
40,0.0,14.0,0.0,90.0,0.0,0.0,5.0,0.0,10.0,0.0,0.0,14.0,9993.0,10000.0,0.0,85.0,0.0,67.0,0.0,0.0,0.0,0.0,0.0,0.0
40,0.0,9.0,0.0,63.0,0.0,0.0,5.0,0.0,10.0,0.0,9995.0,10000.0,0.0,5.0,0.0,65.0,0.0,79.0,0.0,0.0,0.0,0.0,0.0,0.0
40,0.0,14.0,0.0,67.0,0.0,0.0,5.0,0.0,10.0,0.0,0.0,13.0,0.0,5.0,0.0,60.0,0.0,86.0,0.0,0.0,0.0,0.0,0.0,0.0
40,9986.0,10000.0,0.0,81.0,0.0,0.0,5.0,0.0,10.0,0.0,0.0,8.0,0.0,13.0,0.0,73.0,0.0,80.0,0.0,0.0,0.0,0.0,0.0,0.0
40,0.0,5.000000000000002,0.0,79.0,0.0,0.0,5.0,0.0,10.0,0.0,0.0,4.0,0.0,13.0,0.0,87.0,0.0,70.0,0.0,0.0,0.0,0.0,0.0,0.0
40,9993.0,10000.0,0.0,66.0,0.0,0.0,5.0,0.0,10.0,0.0,0.0,5.0,0.0,6.0,0.0,95.0,0.0,64.0,0.0,0.0,0.0,0.0,0.0,0.0
40,9994.0,10000.0,0.0,94.0,0.0,0.0,5.0,0.0,3.645084234449314e-12,0.0,0.0,10.999999999997833,9979.000000000004,10000.0,0.0,88.00000000000216,0.0,45.000000000003645,0.0,0.0,0.0,14.79999999999462,0.0,0.0
40,0.0,6.0,0.0,91.0,0.0,0.0,5.0,0.0,10.0,0.0,0.0,6.0,0.0,6.0,0.0,76.0,0.0,61.0,0.0,0.0,0.0,0.0,0.0,0.0
40,0.0,12.0,0.0,74.0,0.0,0.0,5.0,0.0,0.0,0.0,0.0,15.00000000000001,0.0,20.000000000000018,0.0,53.999999999999986,0.0,71.99999999999999,0.0,0.0,0.0,14.800000000000022,0.0,0.0
40,9986.0,10000.0,0.0,80.0,0.0,0.0,5.0,0.0,7.105427357601002e-15,0.0,0.0,15.999999999999996,9978.0,10000.0,0.0,64.0,0.0,59.00000000000001,0.0,0.0,0.0,14.799999999999988,0.0,0.0
40,0.0,6.0,0.0,90.0,0.0,0.0,5.0,0.0,10.0,0.0,0.0,11.0,9991.0,10000.0,0.0,74.0,0.0,66.0,0.0,0.0,0.0,0.0,0.0,0.0
40,0.0,13.0,0.0,55.0,0.0,0.0,5.0,0.0,0.0,0.0,0.0,10.000000000000004,9977.0,10000.0,0.0,63.0,0.0,78.0,0.0,0.0,0.0,14.800000000000011,0.0,0.0
40,0.0,12.0,0.0,74.0,0.0,0.0,5.0,0.0,10.0,0.0,9991.0,10000.0,9989.0,10000.0,0.0,67.0,0.0,84.0,0.0,0.0,0.0,0.0,0.0,0.0
40,0.0,13.0,0.0,73.0,0.0,0.0,5.0,0.0,10.0,0.0,0.0,11.0,9991.0,10000.0,0.0,64.0,0.0,58.0,0.0,0.0,0.0,0.0,0.0,0.0
40,0.0,5.0,0.0,68.0,0.0,0.0,5.0,0.0,0.0,0.0,0.0,16.0,0.0,20.0,0.0,50.0,0.0,80.0,0.0,0.0,0.0,14.8,0.0,0.0
40,0.0,13.0,0.0,82.0,0.0,0.0,5.0,0.0,10.000000000000004,0.0,9992.0,10000.0,9988.0,10000.0,0.0,57.0,0.0,70.0,0.0,0.0,0.0,0.0,0.0,0.0
41,9993.0,10000.0,0.0,62.0,0.0,0.0,5.0,0.0,9.999999999999998,0.0,0.0,4.000000000000005,9988.0,10000.0,0.0,92.0,0.0,70.0,0.0,0.0,0.0,0.0,0.0,0.0
41,0.0,12.0,0.0,74.0,0.0,0.0,5.0,0.0,9.999999999999998,0.0,9989.0,10000.0,9996.0,10000.0,0.0,93.0,0.0,85.0,0.0,0.0,0.0,0.0,0.0,0.0
41,0.0,11.000000000000004,0.0,87.0,0.0,0.0,5.0,0.0,9.999999999999998,0.0,0.0,8.000000000000005,0.0,4.000000000000002,0.0,75.0,0.0,94.0,0.0,0.0,0.0,0.0,0.0,0.0
41,0.0,10.0,0.0,74.0,0.0,0.0,5.0,0.0,0.0,0.0,0.0,19.000000000000007,9980.0,10000.0,0.0,78.0,0.0,48.99999999999636,0.0,0.0,0.0,14.800000000000022,0.0,0.0
41,0.0,11.0,0.0,81.0,0.0,0.0,5.0,0.0,9.999999999999998,0.0,9995.0,10000.0,0.0,7.000000000000002,0.0,83.0,0.0,84.0,0.0,0.0,0.0,0.0,0.0,0.0
41,0.0,14.0,0.0,75.0,0.0,0.0,5.0,0.0,9.999999999999998,0.0,0.0,11.000000000000005,0.0,9.000000000000002,0.0,83.0,0.0,81.0,0.0,0.0,0.0,0.0,0.0,0.0
41,0.0,5.0,0.0,80.0,0.0,0.0,5.0,0.0,0.0,0.0,0.0,11.000000000002181,0.0,23.000000000003638,0.0,61.99999999999782,0.0,84.99999999999636,0.0,0.0,0.0,14.800000000005385,0.0,0.0
41,0.0,6.0,0.0,73.0,0.0,0.0,5.0,0.0,10.0,0.0,0.0,5.0,0.0,14.0,0.0,87.0,0.0,91.0,0.0,0.0,0.0,0.0,0.0,0.0
41,0.0,14.0,0.0,90.0,0.0,0.0,5.0,0.0,9.999999999999998,0.0,0.0,14.000000000000005,0.0,7.000000000000002,0.0,85.0,0.0,67.0,0.0,0.0,0.0,0.0,0.0,0.0
41,9991.0,10000.0,0.0,63.0,0.0,0.0,5.0,0.0,10.0,0.0,0.0,5.0,0.0,5.0,0.0,65.0,0.0,79.0,0.0,0.0,0.0,0.0,0.0,0.0
41,9991.0,10000.0,0.0,72.0,5.000000000000002,0.0,10.000000000000002,0.0,15.000000000000002,0.0,0.0,7.999999999999998,0.0,0.0,0.0,65.0,0.0,91.0,0.0,0.0,0.0,0.0,0.0,0.0
41,0.0,14.0,0.0,81.0,0.0,0.0,5.0,0.0,10.0,0.0,0.0,8.000000000000002,9987.0,10000.0,0.0,73.0,0.0,80.0,0.0,0.0,0.0,0.0,0.0,0.0
41,0.0,5.0,0.0,79.0,0.0,0.0,5.0,0.0,9.999999999999998,0.0,0.0,4.000000000000005,0.0,13.000000000000002,0.0,87.0,0.0,70.0,0.0,0.0,0.0,0.0,0.0,0.0
41,0.0,7.0,0.0,66.0,0.0,0.0,5.0,0.0,9.999999999999998,0.0,0.0,5.000000000000005,0.0,6.000000000000002,0.0,95.0,0.0,64.0,0.0,0.0,0.0,0.0,0.0,0.0
41,0.0,6.0,0.0,94.0,0.0,0.0,5.0,0.0,0.0,0.0,0.0,11.000000000000007,0.0,21.000000000000014,0.0,88.0,0.0,44.99999999999636,0.0,0.0,0.0,14.800000000000022,0.0,0.0
41,9994.0,10000.0,0.0,91.0,0.0,0.0,5.0,0.0,10.0,0.0,9994.0,10000.0,0.0,6.0,0.0,76.0,0.0,61.0,0.0,0.0,0.0,0.0,0.0,0.0
41,0.0,12.0,0.0,74.0,0.0,0.0,5.0,0.0,0.0,0.0,0.0,15.000000000000007,0.0,20.000000000000014,0.0,53.99999999999999,0.0,71.99999999999636,0.0,0.0,0.0,14.800000000000022,0.0,0.0
41,9986.0,10000.0,0.0,80.0,0.0,0.0,5.0,0.0,10.0,0.0,9990.0,10000.0,9988.0,10000.0,0.0,70.0,0.0,69.0,0.0,0.0,0.0,0.0,0.0,0.0
41,9994.0,10000.0,0.0,90.0,0.0,0.0,5.0,0.0,10.0,0.0,0.0,11.0,0.0,9.0,0.0,74.0,0.0,66.0,0.0,0.0,0.0,0.0,0.0,0.0
41,0.0,13.0,0.0,55.0,0.0,0.0,5.0,0.0,10.0,0.0,9996.0,10000.0,0.0,13.0,0.0,69.0,0.0,88.0,0.0,0.0,0.0,0.0,0.0,0.0
41,0.0,12.0,0.0,74.0,0.0,0.0,5.0,0.0,0.0,0.0,0.0,15.0,0.0,21.0,0.0,61.0,0.0,74.0,0.0,0.0,0.0,14.8,0.0,0.0
41,0.0,13.0,0.0,73.0,0.0,0.0,5.0,0.0,10.0,0.0,9989.0,10000.0,0.0,9.0,0.0,64.0,0.0,58.0,0.0,0.0,0.0,0.0,0.0,0.0
41,0.0,5.0,0.0,68.0,0.0,0.0,5.0,0.0,10.0,0.0,0.0,10.0,0.0,10.0,0.0,56.0,0.0,90.0,0.0,0.0,0.0,0.0,0.0,0.0
41,9987.0,10000.0,0.0,82.0,0.0,0.0,5.0,0.0,10.000000000000004,0.0,9992.0,10000.0,0.0,11.999999999999996,0.0,57.0,0.0,70.0,0.0,0.0,0.0,0.0,0.0,0.0
42,9993.0,10000.0,0.0,62.0,0.0,0.0,5.0,0.0,10.000000000000004,0.0,0.0,4.0000000000000036,9988.0,10000.0,0.0,92.0,0.0,70.0,0.0,0.0,0.0,0.0,0.0,0.0
42,0.0,11.999999999996362,0.0,74.0,0.0,0.0,5.0,0.0,9.99999999944786,0.0,0.0,11.000000001011284,9995.999999999447,10000.0,0.0,92.99999999898871,0.0,84.99999999944787,0.0,0.0,0.0,0.0,0.0,0.0
42,0.0,10.999999999996362,0.0,87.0,0.0,0.0,5.0,0.0,10.00000000000028,0.0,9992.0,10000.0,0.0,3.999999999999728,0.0,74.99999999999919,0.0,94.00000000000026,0.0,0.0,0.0,0.0,0.0,0.0
42,0.0,9.999999999996362,0.0,74.0,0.0,0.0,5.0,0.0,10.000000000000004,0.0,0.0,13.000000000000004,9990.0,10000.0,0.0,84.0,0.0,59.0,0.0,0.0,0.0,0.0,0.0,0.0
42,0.0,10.999999999996362,0.0,81.0,0.0,0.0,5.0,0.0,0.0,0.0,0.0,11.000000000000533,0.0,17.00000000000047,0.0,76.99999999999942,0.0,73.99999999997999,0.0,0.0,0.0,14.800000000000894,0.0,0.0
42,0.0,13.999999999996362,0.0,75.0,0.0,0.0,5.0,0.0,9.999999999471513,0.0,0.0,11.000000000968097,0.0,9.000000000528487,0.0,82.9999999990319,0.0,80.99999999947151,0.0,0.0,0.0,0.0,0.0,0.0
42,0.0,4.999999999996362,0.0,80.0,0.0,0.0,5.0,0.0,10.000000000007248,0.0,0.0,4.9999999999873515,0.0,12.999999999992745,0.0,68.0,0.0,95.00000000000722,0.0,0.0,0.0,0.0,0.0,0.0
42,0.0,6.0,0.0,73.0,0.0,0.0,5.0,0.0,10.000000000001283,0.0,0.0,4.999999999998286,0.0,13.999999999998707,0.0,87.0,0.0,91.00000000000124,0.0,0.0,0.0,0.0,0.0,0.0
42,0.0,13.999999999996362,0.0,90.0,0.0,0.0,5.0,0.0,0.0,0.0,0.0,19.99999999999781,0.0,16.999999999996362,0.0,79.00000000000219,0.0,57.0,0.0,0.0,0.0,14.799999999994611,0.0,9.687327746590189e-15
42,0.0,8.999999999996362,0.0,63.0,0.0,0.0,5.0,0.0,10.000000000006725,0.0,0.0,4.999999999988303,0.0,4.999999999993267,0.0,65.0,0.0,79.0000000000067,0.0,0.0,0.0,0.0,0.0,0.0
42,0.0,14.0,0.0,67.0,0.0,0.0,5.0,0.0,10.000000000000002,0.0,0.0,13.000000000000004,0.0,4.999999999999998,0.0,60.0,0.0,86.0,0.0,0.0,0.0,0.0,0.0,0.0
42,0.0,14.0,0.0,81.0,0.0,0.0,5.0,0.0,10.000000000000004,0.0,0.0,7.999999999999998,9987.0,10000.0,0.0,73.0,0.0,80.0,0.0,0.0,0.0,0.0,0.0,0.0
42,0.0,5.0,0.0,79.0,0.0,0.0,5.0,0.0,10.000000000000002,0.0,0.0,3.9999999999999982,9987.0,10000.0,0.0,87.0,0.0,70.0,0.0,0.0,0.0,0.0,0.0,0.0
42,0.0,6.999999999996362,0.0,66.0,0.0,0.0,5.0,0.0,10.000000000000004,0.0,0.0,5.0000000000000036,0.0,5.9999999999999964,0.0,95.0,0.0,64.0,0.0,0.0,0.0,0.0,0.0,0.0
42,0.0,6.0,0.0,94.0,0.0,0.0,5.0,0.0,0.0,0.0,0.0,11.000000000000217,0.0,21.00000000000047,0.0,87.99999999999936,0.0,44.99999999998727,0.0,0.0,0.0,14.80000000000087,0.0,0.0
42,0.0,5.999999999996362,0.0,91.0,0.0,0.0,5.0,0.0,10.0,0.0,9994.0,10000.0,0.0,6.0,0.0,76.0,0.0,61.0,0.0,0.0,0.0,0.0,0.0,0.0
42,0.0,11.999999999996362,0.0,74.0,0.0,0.0,5.0,0.0,0.0,0.0,0.0,15.000000000000657,0.0,20.00000000000047,0.0,53.99999999999933,0.0,71.99999999998909,0.0,0.0,0.0,14.800000000000995,0.0,0.0
42,0.0,14.0,0.0,80.0,0.0,0.0,5.0,0.0,10.0,0.0,9990.0,10000.0,9988.0,10000.0,0.0,70.0,0.0,69.0,0.0,0.0,0.0,0.0,0.0,0.0
42,9994.0,10000.0,0.0,90.0,0.0,0.0,5.0,0.0,10.000000000000004,0.0,0.0,11.000000000000004,0.0,8.999999999999996,0.0,74.0,0.0,66.0,0.0,0.0,0.0,0.0,0.0,0.0
42,0.0,13.0,0.0,55.0,0.0,0.0,5.0,0.0,0.0,0.0,9990.0,10000.0,0.0,23.0,0.0,62.9999999999987,0.0,78.0,0.0,0.0,0.0,14.800000000000258,0.0,0.0
42,0.0,12.0,0.0,74.0,0.0,0.0,5.0,0.0,10.000000000000004,0.0,0.0,9.000000000000004,0.0,10.999999999999996,0.0,67.0,0.0,84.0,0.0,0.0,0.0,0.0,0.0,0.0
42,0.0,13.0,0.0,73.0,0.0,0.0,5.0,0.0,0.0,0.0,9983.0,10000.0,0.0,19.0,0.0,58.0,0.0,48.0,0.0,0.0,0.0,14.800000000000002,0.0,0.0
42,0.0,5.0,0.0,68.0,0.0,0.0,5.0,0.0,0.0,0.0,0.0,16.000000000000004,0.0,20.0,0.0,50.0,0.0,80.0,0.0,0.0,0.0,14.800000000000002,0.0,0.0
42,9987.0,10000.0,0.0,82.0,0.0,0.0,5.0,0.0,10.000000000000004,0.0,9992.0,10000.0,0.0,11.999999999999996,0.0,57.0,0.0,70.0,0.0,0.0,0.0,0.0,0.0,0.0
43,9993.0,10000.0,0.0,62.0,0.0,0.0,5.0,0.0,10.000000000000004,0.0,9996.0,10000.0,0.0,11.999999999999996,0.0,92.0,0.0,70.0,0.0,0.0,0.0,0.0,0.0,0.0
43,0.0,12.0,0.0,74.0,0.0,0.0,5.0,0.0,10.000000000000004,0.0,9989.0,10000.0,0.0,3.9999999999999964,0.0,93.0,0.0,85.0,0.0,0.0,0.0,0.0,0.0,0.0
43,0.0,11.0,0.0,87.0,0.0,0.0,5.0,0.0,0.0,0.0,9986.0,10000.0,0.0,14.0,0.0,69.0,0.0,84.0,0.0,0.0,0.0,14.800000000000004,0.0,0.0
43,0.0,10.0,0.0,74.0,0.0,0.0,5.0,0.0,10.000000000000004,0.0,0.0,12.999999999999998,9990.0,10000.0,0.0,84.0,0.0,59.0,0.0,0.0,0.0,0.0,0.0,0.0
43,0.0,11.0,0.0,81.0,0.0,0.0,5.0,0.0,10.000000000000004,0.0,0.0,4.999999999999998,9993.0,10000.0,0.0,83.0,0.0,84.0,0.0,0.0,0.0,0.0,0.0,0.0
43,0.0,14.0,0.0,75.0,0.0,0.0,5.0,0.0,10.000000000000004,0.0,9989.0,10000.0,0.0,8.999999999999996,0.0,83.0,0.0,81.0,0.0,0.0,0.0,0.0,0.0,0.0
43,0.0,5.0000000000000036,0.0,80.0,0.0,0.0,4.9999999999999964,0.0,9.999999999999996,0.0,0.0,5.000000000000002,0.0,13.000000000000004,0.0,68.0,0.0,95.0,0.0,0.0,0.0,0.0,0.0,0.0
43,0.0,6.0,0.0,73.0,0.0,0.0,5.0,0.0,0.0,0.0,0.0,10.999999999999996,0.0,24.0,0.0,81.0,0.0,81.0,0.0,0.0,0.0,14.799999999999997,0.0,0.0
43,10000.0,10000.0,0.0,104.0,14.0,0.0,19.0,0.0,24.0,0.0,0.0,0.0,7.0,0.0,0.0,99.0,0.0,81.0,0.0,0.0,0.0,0.0,0.0,0.0
43,0.0,9.0,0.0,63.0,0.0,0.0,5.0,0.0,10.000000000000004,0.0,0.0,4.999999999999998,0.0,4.9999999999999964,0.0,65.0,0.0,79.0,0.0,0.0,0.0,0.0,0.0,0.0
43,9986.0,10000.0,0.0,67.0,0.0,0.0,5.0,0.0,10.000000000000004,0.0,0.0,12.999999999999998,0.0,4.9999999999999964,0.0,60.0,0.0,86.0,0.0,0.0,0.0,0.0,0.0,0.0
43,9986.0,10000.0,0.0,81.0,0.0,0.0,5.0,0.0,10.000000000000004,0.0,0.0,7.999999999999998,0.0,12.999999999999996,0.0,73.0,0.0,80.0,0.0,0.0,0.0,0.0,0.0,0.0
43,9995.0,10000.0,0.0,79.0,0.0,0.0,5.0,0.0,10.000000000000004,0.0,0.0,3.9999999999999982,0.0,12.999999999999996,0.0,87.0,0.0,70.0,0.0,0.0,0.0,0.0,0.0,0.0
43,9992.999999999998,9999.999999999998,0.0,66.0,0.0,0.0,5.0,0.0,0.0,0.0,0.0,11.000000000000007,9984.0,10000.0,0.0,89.0,0.0,53.999999999999986,0.0,0.0,0.0,14.800000000000018,0.0,0.0
43,0.0,6.0,0.0,94.0,0.0,0.0,5.0,0.0,10.000000000000004,0.0,9995.0,10000.0,9989.0,10000.0,0.0,94.0,0.0,55.0,0.0,0.0,0.0,0.0,0.0,0.0
43,9994.0,10000.0,0.0,91.0,0.0,0.0,5.0,0.0,10.000000000000004,0.0,0.0,5.999999999999998,0.0,5.9999999999999964,0.0,76.0,0.0,61.0,0.0,0.0,0.0,0.0,0.0,0.0
43,9988.0,10000.0,0.0,74.0,0.0,0.0,5.0,0.0,0.0,0.0,0.0,15.000000000000007,0.0,20.00000000000001,0.0,53.99999999999999,0.0,71.99999999999999,0.0,0.0,0.0,14.800000000000018,0.0,0.0
43,0.0,14.0,0.0,80.0,0.0,0.0,5.0,0.0,10.000000000000004,0.0,0.0,9.999999999999998,9988.0,10000.0,0.0,70.0,0.0,69.0,0.0,0.0,0.0,0.0,0.0,0.0
43,9994.0,10000.0,0.0,90.0,0.0,0.0,5.0,0.0,0.0,0.0,0.0,17.0,9981.0,10000.0,0.0,68.0,0.0,56.0,0.0,0.0,0.0,14.8,0.0,0.0
43,0.0,13.0,0.0,55.0,0.0,0.0,5.0,0.0,10.000000000000004,0.0,0.0,3.9999999999999982,9987.0,10000.0,0.0,69.0,0.0,88.0,0.0,0.0,0.0,0.0,0.0,0.0
43,0.0,12.0,0.0,74.0,0.0,0.0,5.0,0.0,10.000000000000004,0.0,9991.0,10000.0,0.0,11.0,0.0,67.0,0.0,84.0,0.0,0.0,0.0,0.0,0.0,0.0
43,0.0,13.0,0.0,73.0,0.0,0.0,5.0,0.0,10.000000000000004,0.0,9989.0,10000.0,9991.0,10000.0,0.0,64.0,0.0,58.0,0.0,0.0,0.0,0.0,0.0,0.0
43,0.0,5.0,0.0,68.0,0.0,0.0,5.0,0.0,10.000000000000004,0.0,0.0,9.999999999999998,9990.0,10000.0,0.0,56.0,0.0,90.0,0.0,0.0,0.0,0.0,0.0,0.0
43,9987.0,10000.0,0.0,82.0,0.0,0.0,5.0,0.0,10.000000000000004,0.0,9992.0,10000.0,0.0,12.0,0.0,57.0,0.0,70.0,0.0,0.0,0.0,0.0,0.0,0.0
44,0.0,7.0,0.0,62.0,0.0,0.0,5.0,0.0,10.0,0.0,9996.0,10000.0,0.0,12.0,0.0,92.0,0.0,70.0,0.0,0.0,0.0,0.0,0.0,0.0
44,0.0,12.0,0.0,74.0,0.0,0.0,5.0,0.0,0.0,0.0,9983.0,10000.0,0.0,14.000000000000014,0.0,87.0,0.0,74.99999999999636,0.0,0.0,0.0,14.800000000000022,0.0,0.0
44,0.0,11.0,0.0,87.0,0.0,0.0,5.0,0.0,10.0,0.0,9992.0,10000.0,0.0,4.0,0.0,75.0,0.0,94.0,0.0,0.0,0.0,0.0,0.0,0.0
44,0.0,10.0,0.0,74.0,0.0,0.0,5.0,0.0,10.0,0.0,0.0,13.0,0.0,10.0,0.0,84.0,0.0,59.0,0.0,0.0,0.0,0.0,0.0,0.0
44,0.0,11.0,0.0,81.0,0.0,0.0,5.0,0.0,10.0,0.0,0.0,5.0,0.0,7.0,0.0,83.0,0.0,84.0,0.0,0.0,0.0,0.0,0.0,0.0
44,0.0,14.0,0.0,75.0,0.0,0.0,5.0,0.0,10.0,0.0,0.0,11.0,9991.0,10000.0,0.0,83.0,0.0,81.0,0.0,0.0,0.0,0.0,0.0,0.0
44,0.0,4.999999999996359,0.0,80.0,0.0,0.0,4.999999999999995,0.0,9.999999999999995,0.0,0.0,5.000000000000005,0.0,13.000000000000005,0.0,68.0,0.0,95.0,0.0,0.0,0.0,0.0,0.0,0.0
44,0.0,6.0,0.0,73.0,0.0,0.0,5.0,0.0,10.0,0.0,0.0,5.0,0.0,14.0,0.0,87.0,0.0,91.0,0.0,0.0,0.0,0.0,0.0,0.0
44,0.0,14.0,0.0,90.0,0.0,0.0,5.0,0.0,9.999999999999998,0.0,0.0,14.000000000000005,9993.0,10000.0,0.0,85.0,0.0,67.0,0.0,0.0,0.0,0.0,0.0,0.0
44,0.0,9.0,0.0,63.0,0.0,0.0,5.0,0.0,10.000000000000004,0.0,0.0,4.999999999999998,2.3694603775059693e-06,5.000002369460374,0.0,65.0,0.0,79.0,0.0,0.0,0.0,0.0,0.0,0.0
44,0.0,14.0,0.0,67.0,0.0,0.0,5.0,0.0,0.0,0.0,0.0,19.00000000000218,0.0,15.000000000003638,0.0,53.99999999999782,0.0,75.99999999999636,0.0,0.0,0.0,14.800000000005385,0.0,0.0
44,0.0,14.0,0.0,81.0,0.0,0.0,5.0,0.0,9.999999999999998,0.0,0.0,8.000000000000005,0.0,13.000000000000002,0.0,73.0,0.0,80.0,0.0,0.0,0.0,0.0,0.0,0.0
44,0.0,5.0,0.0,79.0,0.0,0.0,5.0,0.0,0.0,0.0,0.0,10.000000000002181,9976.999999999996,10000.0,0.0,80.99999999999781,0.0,59.99999999999636,0.0,0.0,0.0,14.800000000005385,0.0,0.0
44,0.0,7.0,0.0,66.0,0.0,0.0,5.0,0.0,9.999999999999998,0.0,0.0,5.000000000000005,0.0,6.000000000000002,0.0,95.0,0.0,64.0,0.0,0.0,0.0,0.0,0.0,0.0
44,0.0,6.0,0.0,94.0,0.0,0.0,5.0,0.0,10.0,0.0,0.0,5.0,9989.0,10000.0,0.0,94.0,0.0,55.0,0.0,0.0,0.0,0.0,0.0,0.0
44,0.0,6.0,0.0,91.0,0.0,0.0,5.0,0.0,0.0,0.0,9988.0,10000.0,0.0,15.999999999996362,0.0,70.0,0.0,50.99999999999636,0.0,0.0,0.0,14.800000000000022,0.0,0.0
44,0.0,12.0,0.0,74.0,0.0,0.0,5.0,0.0,0.0,0.0,0.0,14.999999999997819,0.0,19.999999999996362,0.0,54.00000000000218,0.0,72.0,0.0,0.0,0.0,14.799999999994617,0.0,0.0
44,9986.0,10000.0,0.0,80.0,0.0,0.0,5.0,0.0,10.0,0.0,0.0,10.0,9988.0,10000.0,0.0,70.0,0.0,69.0,0.0,0.0,0.0,0.0,0.0,0.0
44,0.0,6.0,0.0,90.0,0.0,0.0,5.0,0.0,10.0,0.0,0.0,11.0,0.0,9.0,0.0,74.0,0.0,66.0,0.0,0.0,0.0,0.0,0.0,0.0
44,0.0,13.0,0.0,55.0,0.0,0.0,5.0,0.0,0.0,0.0,0.0,10.0,9977.0,10000.0,0.0,63.0,0.0,78.0,0.0,0.0,0.0,14.8,0.0,0.0
44,0.0,12.0,0.0,74.0,0.0,0.0,5.0,0.0,10.0,0.0,0.0,9.0,0.0,11.0,0.0,67.0,0.0,84.0,0.0,0.0,0.0,0.0,0.0,0.0
44,0.0,13.0,0.0,73.0,0.0,0.0,5.0,0.0,10.0,0.0,9989.0,10000.0,0.0,9.0,0.0,64.0,0.0,58.0,0.0,0.0,0.0,0.0,0.0,0.0
44,0.0,5.0,0.0,68.0,0.0,0.0,5.0,0.0,10.0,0.0,0.0,10.0,9990.0,10000.0,0.0,56.0,0.0,90.0,0.0,0.0,0.0,0.0,0.0,0.0
44,0.0,13.0,0.0,82.0,0.0,0.0,5.0,0.0,10.000000000000004,0.0,0.0,7.999999999999998,9988.0,10000.0,0.0,57.0,0.0,70.0,0.0,0.0,0.0,0.0,0.0,0.0
45,9993.0,10000.0,0.0,62.0,0.0,0.0,5.0,0.0,10.0,0.0,0.0,4.0,0.0,12.0,0.0,92.0,0.0,70.0,0.0,0.0,0.0,0.0,0.0,0.0
45,9988.0,10000.0,0.0,74.0,0.0,0.0,5.0,0.0,10.0,0.0,9989.0,10000.0,0.0,4.0,0.0,93.0,0.0,85.0,0.0,0.0,0.0,0.0,0.0,0.0
45,9989.0,10000.0,0.0,87.0,0.0,0.0,5.0,0.0,10.0,0.0,0.0,8.0,9996.0,10000.0,0.0,75.0,0.0,94.0,0.0,0.0,0.0,0.0,0.0,0.0
45,9989.999999999996,9999.999999999996,0.0,74.0,0.0,0.0,5.0,0.0,3.645084234449314e-12,0.0,0.0,18.999999999997826,0.0,19.999999999996355,0.0,78.00000000000217,0.0,49.000000000003645,0.0,0.0,0.0,14.799999999994617,0.0,0.0
45,0.0,11.000000000000004,0.0,81.0,0.0,0.0,5.0,0.0,10.0,0.0,0.0,5.0,0.0,7.0,0.0,83.0,0.0,84.0,0.0,0.0,0.0,0.0,0.0,0.0
45,9986.0,10000.0,0.0,75.0,0.0,0.0,5.0,0.0,10.0,0.0,9989.0,10000.0,0.0,9.0,0.0,83.0,0.0,81.0,0.0,0.0,0.0,0.0,0.0,0.0
45,9995.0,10000.0,0.0,80.0,0.0,0.0,5.0,0.0,10.0,0.0,0.0,5.0,0.0,13.0,0.0,68.0,0.0,95.0,0.0,0.0,0.0,0.0,0.0,0.0
45,0.0,6.0000000000000036,0.0,73.0,0.0,0.0,5.0,0.0,10.0,0.0,0.0,5.0,0.0,14.0,0.0,87.0,0.0,91.0,0.0,0.0,0.0,0.0,0.0,0.0
45,9986.0,10000.0,0.0,90.0,0.0,0.0,5.0,0.0,10.0,0.0,0.0,14.0,0.0,7.0,0.0,85.0,0.0,67.0,0.0,0.0,0.0,0.0,0.0,0.0
45,0.0,9.000000000000004,0.0,63.0,0.0,0.0,5.0,0.0,10.0,0.0,0.0,5.0,0.0,5.0,0.0,65.0,0.0,79.0,0.0,0.0,0.0,0.0,0.0,0.0
45,9986.0,10000.0,0.0,67.0,0.0,0.0,5.0,0.0,10.0,0.0,0.0,13.0,0.0,5.0,0.0,60.0,0.0,86.0,0.0,0.0,0.0,0.0,0.0,0.0
45,0.0,14.000000000000007,0.0,81.0,0.0,0.0,5.0,0.0,10.0,0.0,0.0,8.0,0.0,13.0,0.0,73.0,0.0,80.0,0.0,0.0,0.0,0.0,0.0,0.0
45,0.0,5.0,0.0,79.0,0.0,0.0,5.0,0.0,10.0,0.0,0.0,4.0,0.0,13.0,0.0,87.0,0.0,70.0,0.0,0.0,0.0,0.0,0.0,0.0
45,9993.0,10000.0,0.0,66.0,0.0,0.0,5.0,0.0,0.0,0.0,0.0,11.000000000000004,9984.0,10000.0,0.0,89.0,0.0,53.99999999999999,0.0,0.0,0.0,14.800000000000008,0.0,0.0
45,0.0,6.0,0.0,94.0,0.0,0.0,5.0,0.0,0.0,0.0,9989.0,10000.0,0.0,21.000000000000007,0.0,88.0,0.0,44.99999999999999,0.0,0.0,0.0,14.800000000000011,0.0,0.0
45,0.0,6.0,0.0,91.0,0.0,0.0,5.0,0.0,9.999999999999936,0.0,9994.0,10000.0,0.0,6.000000000000064,0.0,75.99999999999996,0.0,60.999999999999936,0.0,0.0,0.0,9.276845958083867e-14,0.0,0.0
45,9988.0,10000.0,0.0,74.0,0.0,0.0,5.0,0.0,3.637978807091713e-12,0.0,0.0,14.999999999997819,9980.000000000004,10000.0,0.0,54.00000000000218,0.0,72.00000000000364,0.0,0.0,0.0,14.799999999994617,0.0,0.0
45,0.0,14.0,0.0,80.0,0.0,0.0,5.0,0.0,7.105427357601002e-15,0.0,0.0,15.999999999999996,0.0,21.999999999999993,0.0,64.0,0.0,59.00000000000001,0.0,0.0,0.0,14.799999999999988,0.0,0.0
45,0.0,6.0,0.0,90.0,0.0,0.0,5.0,0.0,10.0,0.0,0.0,11.0,9991.0,10000.0,0.0,74.0,0.0,66.0,0.0,0.0,0.0,0.0,0.0,0.0
45,0.0,13.0,0.0,55.0,0.0,0.0,5.0,0.0,10.0,0.0,0.0,4.0,0.0,13.0,0.0,69.0,0.0,88.0,0.0,0.0,0.0,0.0,0.0,0.0
45,0.0,12.0,0.0,74.0,0.0,0.0,5.0,0.0,10.0,0.0,0.0,9.0,9989.0,10000.0,0.0,67.0,0.0,84.0,0.0,0.0,0.0,0.0,0.0,0.0
45,0.0,13.0,0.0,73.0,0.0,0.0,5.0,0.0,10.0,0.0,0.0,11.0,9991.0,10000.0,0.0,64.0,0.0,58.0,0.0,0.0,0.0,0.0,0.0,0.0
45,0.0,5.0,0.0,68.0,0.0,0.0,5.0,0.0,10.0,0.0,0.0,10.0,0.0,10.0,0.0,56.0,0.0,90.0,0.0,0.0,0.0,0.0,0.0,0.0
45,0.0,13.0,0.0,82.0,0.0,0.0,5.0,0.0,10.000000000000004,0.0,9992.0,10000.0,0.0,11.999999999999996,0.0,57.0,0.0,70.0,0.0,0.0,0.0,0.0,0.0,0.0
46,9993.0,10000.0,0.0,62.0,0.0,0.0,5.0,0.0,9.999999999999995,0.0,0.0,3.999999999999993,9988.0,10000.0,0.0,92.0,0.0,70.0,0.0,0.0,0.0,0.0,0.0,0.0
46,0.0,11.999999999996362,0.0,74.0,0.0,0.0,5.0,0.0,10.0,0.0,0.0,11.0,0.0,4.0,0.0,93.0,0.0,85.0,0.0,0.0,0.0,0.0,0.0,0.0
46,0.0,11.0,0.0,87.0,0.0,0.0,5.0,0.0,0.0,0.0,0.0,14.000000000002181,0.0,14.000000000003638,0.0,68.99999999999781,0.0,83.99999999999636,0.0,0.0,0.0,14.800000000005385,0.0,0.0
46,0.0,10.0,0.0,74.0,0.0,0.0,5.0,0.0,10.0,0.0,0.0,13.0,0.0,10.0,0.0,84.0,0.0,59.0,0.0,0.0,0.0,0.0,0.0,0.0
46,0.0,11.0,0.0,81.0,0.0,0.0,5.0,0.0,10.0,0.0,0.0,5.0,9993.0,10000.0,0.0,83.0,0.0,84.0,0.0,0.0,0.0,0.0,0.0,0.0
46,0.0,13.999999999996362,0.0,75.0,0.0,0.0,5.0,0.0,10.0,0.0,9989.0,10000.0,0.0,9.0,0.0,83.0,0.0,81.0,0.0,0.0,0.0,0.0,0.0,0.0
46,0.0,5.000000000000002,0.0,80.0,0.0,0.0,5.0,0.0,9.999999999999998,0.0,0.0,5.000000000000002,0.0,13.000000000000002,0.0,68.0,0.0,95.0,0.0,0.0,0.0,0.0,0.0,0.0
46,0.0,6.0000000000000036,0.0,73.0,0.0,0.0,5.0,0.0,9.999999999999998,0.0,6.217248937900877e-15,5.0,0.0,14.000000000000002,0.0,87.0,0.0,91.0,0.0,0.0,0.0,0.0,0.0,0.0
46,0.0,14.000000000000007,0.0,90.0,0.0,0.0,5.0,0.0,0.0,0.0,0.0,20.000000000002206,0.0,17.000000000003638,0.0,78.99999999999777,0.0,56.99999999999636,0.0,0.0,0.0,14.800000000005397,0.0,0.0
46,0.0,9.0,0.0,63.0,0.0,0.0,5.0,0.0,9.999999999999996,0.0,0.0,5.000000000000002,0.0,5.0,0.0,65.0,0.0,79.0,0.0,0.0,0.0,5.329070518200751e-15,0.0,0.0
46,0.0,14.000000000000007,0.0,67.0,0.0,0.0,5.0,0.0,10.0,0.0,0.0,13.0,0.0,5.0,0.0,60.0,0.0,86.0,0.0,0.0,0.0,0.0,0.0,0.0
46,0.0,14.000000000000073,0.0,81.0,0.0,0.0,5.0,0.0,0.0,0.0,0.0,14.000000000002206,0.0,23.000000000003638,0.0,66.99999999999778,0.0,69.99999999999636,0.0,0.0,0.0,14.800000000005276,0.0,0.0
46,0.0,4.999999999996362,0.0,79.0,0.0,0.0,5.0,0.0,10.000000000000947,0.0,0.0,4.00000000000099,0.0,12.999999999999053,0.0,86.99999999999892,0.0,70.00000000000095,0.0,0.0,0.0,0.0,0.0,0.0
46,0.0,7.0000000000000036,0.0,66.0,0.0,0.0,5.0,0.0,10.0,0.0,0.0,5.0,0.0,6.0,0.0,95.0,0.0,64.0,0.0,0.0,0.0,0.0,0.0,0.0
46,0.0,6.0,0.0,94.0,0.0,0.0,5.0,0.0,10.0,0.0,0.0,5.0,0.0,11.0,0.0,94.0,0.0,55.0,0.0,0.0,0.0,0.0,0.0,0.0
46,0.0,5.999999999996362,0.0,91.0,0.0,0.0,5.0,0.0,0.0,0.0,9987.999999999998,10000.0,0.0,16.000000000000014,0.0,69.99999999999778,0.0,50.99999999999636,0.0,0.0,0.0,14.80000000000534,0.0,0.0
46,0.0,11.999999999996362,0.0,74.0,0.0,0.0,5.0,0.0,0.0,0.0,0.0,15.0,9980.000000000004,10000.0,0.0,53.99999999999997,0.0,72.0,0.0,0.0,0.0,14.799999999996365,0.0,0.0
46,9986.0,10000.0,0.0,80.0,0.0,0.0,5.0,0.0,10.0,0.0,0.0,10.0,0.0,12.0,0.0,70.0,0.0,69.0,0.0,0.0,0.0,0.0,0.0,0.0
46,0.0,6.0,0.0,90.0,0.0,0.0,5.0,0.0,10.0,0.0,0.0,11.0,9991.0,10000.0,0.0,74.0,0.0,66.0,0.0,0.0,0.0,0.0,0.0,0.0
46,0.0,13.0,0.0,55.0,0.0,0.0,5.0,0.0,10.0,0.0,9996.0,10000.0,0.0,13.0,0.0,69.0,0.0,88.0,0.0,0.0,0.0,0.0,0.0,0.0
46,9988.0,10000.0,0.0,74.0,0.0,0.0,5.0,0.0,10.0,0.0,0.0,9.0,9989.0,10000.0,0.0,67.0,0.0,84.0,0.0,0.0,0.0,0.0,0.0,0.0
46,0.0,13.0,0.0,73.0,0.0,0.0,5.0,0.0,10.0,0.0,0.0,11.0,9991.0,10000.0,0.0,64.0,0.0,58.0,0.0,0.0,0.0,0.0,0.0,0.0
46,9995.0,10000.0,0.0,68.0,0.0,0.0,5.0,0.0,10.0,0.0,0.0,10.0,0.0,10.0,0.0,56.0,0.0,90.0,0.0,0.0,0.0,0.0,0.0,0.0
46,0.0,13.0,0.0,82.0,0.0,0.0,5.0,0.0,10.000000000000004,0.0,9992.0,10000.0,0.0,11.999999999999996,0.0,57.0,0.0,70.0,0.0,0.0,0.0,0.0,0.0,0.0
47,9993.0,10000.0,0.0,62.0,0.0,0.0,5.0,0.0,10.0,0.0,0.0,4.0,9988.0,10000.0,0.0,92.0,0.0,70.0,0.0,0.0,0.0,0.0,0.0,0.0
47,0.0,12.0,0.0,74.0,0.0,0.0,5.0,0.0,0.0,0.0,9983.0,10000.0,9986.0,10000.0,0.0,87.0,0.0,74.99999999999636,0.0,0.0,0.0,14.800000000000022,0.0,0.0
47,0.0,11.0,0.0,87.0,0.0,0.0,5.0,0.0,10.0,0.0,0.0,8.0,9996.0,10000.0,0.0,75.0,0.0,94.0,0.0,0.0,0.0,0.0,0.0,0.0
47,0.0,10.0,0.0,74.0,0.0,0.0,5.0,0.0,10.0,0.0,0.0,13.0,0.0,10.0,0.0,84.0,0.0,59.0,0.0,0.0,0.0,0.0,0.0,0.0
47,0.0,11.0,0.0,81.0,0.0,0.0,5.0,0.0,0.0,0.0,0.0,11.000000000000007,0.0,17.000000000000014,0.0,77.0,0.0,73.99999999999636,0.0,0.0,0.0,14.800000000000022,0.0,0.0
47,0.0,14.0,0.0,75.0,0.0,0.0,5.0,0.0,10.0,0.0,0.0,11.0,0.0,9.0,0.0,83.0,0.0,81.0,0.0,0.0,0.0,0.0,0.0,0.0
47,0.0,5.000000000000002,0.0,80.0,0.0,0.0,5.0,0.0,10.0,0.0,0.0,5.0,0.0,13.0,0.0,68.0,0.0,95.0,0.0,0.0,0.0,0.0,0.0,0.0
47,0.0,6.0000000000000036,0.0,73.0,0.0,0.0,5.0,0.0,10.0,0.0,0.0,5.0,0.0,14.0,0.0,87.0,0.0,91.0,0.0,0.0,0.0,0.0,0.0,0.0
47,0.0,14.0,0.0,90.0,0.0,0.0,5.0,0.0,10.0,0.0,0.0,14.0,0.0,7.0,0.0,85.0,0.0,67.0,0.0,0.0,0.0,0.0,0.0,0.0
47,0.0,9.000000000000004,0.0,63.0,0.0,0.0,5.0,0.0,10.0,0.0,0.0,5.0,9995.0,10000.0,0.0,65.0,0.0,79.0,0.0,0.0,0.0,0.0,0.0,0.0
47,0.0,14.0,0.0,67.0,0.0,0.0,5.0,0.0,10.0,0.0,0.0,13.0,0.0,5.0,0.0,60.0,0.0,86.0,0.0,0.0,0.0,0.0,0.0,0.0
47,0.0,14.0,0.0,81.0,0.0,0.0,5.0,0.0,10.0,0.0,0.0,8.0,0.0,13.0,0.0,73.0,0.0,80.0,0.0,0.0,0.0,0.0,0.0,0.0
47,0.0,5.0,0.0,79.0,0.0,0.0,5.0,0.0,0.0,0.0,0.0,10.000000000000007,0.0,22.999999999996362,0.0,81.0,0.0,59.99999999999636,0.0,0.0,0.0,14.800000000000022,0.0,0.0
47,0.0,7.0000000000000036,0.0,66.0,0.0,0.0,5.0,0.0,10.0,0.0,0.0,5.0,0.0,6.0,0.0,95.0,0.0,64.0,0.0,0.0,0.0,0.0,0.0,0.0
47,0.0,6.0,0.0,94.0,0.0,0.0,5.0,0.0,10.0,0.0,0.0,5.0,0.0,11.0,0.0,94.0,0.0,55.0,0.0,0.0,0.0,0.0,0.0,0.0
47,0.0,6.0,0.0,91.0,0.0,0.0,5.0,0.0,10.0,0.0,0.0,6.0,0.0,6.0,0.0,76.0,0.0,61.0,0.0,0.0,0.0,0.0,0.0,0.0
47,0.0,12.0,0.0,74.0,0.0,0.0,5.0,0.0,0.0,0.0,0.0,15.000000000000007,0.0,20.000000000000014,0.0,53.99999999999999,0.0,71.99999999999636,0.0,0.0,0.0,14.800000000000022,0.0,0.0
47,0.0,14.0,0.0,80.0,0.0,0.0,5.0,0.0,0.0,0.0,9984.0,10000.0,9978.0,10000.0,0.0,64.0,0.0,59.0,0.0,0.0,0.0,14.8,0.0,0.0
47,9994.0,10000.0,0.0,90.0,0.0,0.0,5.0,0.0,0.0,0.0,0.0,17.0,9981.0,10000.0,0.0,68.0,0.0,56.0,0.0,0.0,0.0,14.8,0.0,0.0
47,0.0,13.0,0.0,55.0,0.0,0.0,5.0,0.0,10.0,0.0,0.0,4.0,9987.0,10000.0,0.0,69.0,0.0,88.0,0.0,0.0,0.0,0.0,0.0,0.0
47,0.0,12.0,0.0,74.0,0.0,0.0,5.0,0.0,10.0,0.0,9991.0,10000.0,0.0,11.0,0.0,67.0,0.0,84.0,0.0,0.0,0.0,0.0,0.0,0.0
47,0.0,13.0,0.0,73.0,0.0,0.0,5.0,0.0,0.0,0.0,0.0,17.0,9981.0,10000.0,0.0,58.0,0.0,48.0,0.0,0.0,0.0,14.8,0.0,0.0
47,0.0,5.0,0.0,68.0,0.0,0.0,5.0,0.0,10.0,0.0,0.0,10.0,9990.0,10000.0,0.0,56.0,0.0,90.0,0.0,0.0,0.0,0.0,0.0,0.0
47,9987.0,10000.0,0.0,82.0,0.0,0.0,5.0,0.0,10.000000000000004,0.0,9992.0,10000.0,0.0,11.999999999999996,0.0,57.0,0.0,70.0,0.0,0.0,0.0,0.0,0.0,0.0
48,9993.0,10000.0,0.0,62.0,0.0,0.0,5.0,0.0,10.000000000000004,0.0,0.0,4.0000000000000036,9988.0,10000.0,0.0,92.0,0.0,70.0,0.0,0.0,0.0,0.0,0.0,0.0
48,0.0,11.999999999996362,0.0,74.0,0.0,0.0,5.0,0.0,10.000000000000002,0.0,9989.0,10000.0,0.0,3.9999999999999982,0.0,93.0,0.0,85.0,0.0,0.0,0.0,0.0,0.0,0.0
48,0.0,10.999999999996362,0.0,87.0,0.0,0.0,5.0,0.0,10.0,0.0,0.0,8.0,0.0,4.0,0.0,75.0,0.0,94.0,0.0,0.0,0.0,0.0,0.0,0.0
48,0.0,9.999999999996362,0.0,74.0,0.0,0.0,5.0,0.0,10.0,0.0,0.0,13.0,0.0,10.0,0.0,84.0,0.0,59.0,0.0,0.0,0.0,0.0,0.0,0.0
48,0.0,10.999999999996362,0.0,81.0,0.0,0.0,5.0,0.0,10.0,0.0,0.0,5.0,0.0,7.0,0.0,83.0,0.0,84.0,0.0,0.0,0.0,0.0,0.0,0.0
48,0.0,13.999999999996362,0.0,75.0,0.0,0.0,5.0,0.0,0.0,0.0,0.0,17.0,0.0,18.999999999996362,0.0,76.99999999999726,0.0,71.0,0.0,0.0,0.0,14.799999999996363,0.0,0.0
48,0.0,4.999999999996362,0.0,80.0,0.0,0.0,5.0,0.0,10.000000000000004,0.0,0.0,5.0000000000000036,0.0,12.999999999999996,0.0,68.0,0.0,95.0,0.0,0.0,0.0,0.0,0.0,0.0
48,0.0,5.999999999996362,0.0,73.0,0.0,0.0,5.0,0.0,10.000000000000004,0.0,0.0,5.0000000000000036,0.0,13.999999999999996,0.0,87.0,0.0,91.0,0.0,0.0,0.0,0.0,0.0,0.0
48,0.0,14.000000000000002,0.0,90.0,0.0,0.0,5.0,0.0,9.999999999999998,0.0,0.0,14.000000000000002,0.0,7.000000000000002,0.0,85.0,0.0,67.0,0.0,0.0,0.0,0.0,0.0,0.0
48,9996.0,10000.0,0.0,68.0,5.0,0.0,10.0,0.0,15.00000000000001,0.0,0.0,0.0,0.0,0.0,0.0,69.99999999999818,0.0,84.0,0.0,0.0,0.0,0.0,0.0,0.0
48,0.0,14.0,0.0,67.0,0.0,0.0,5.0,0.0,10.0,0.0,0.0,13.0,0.0,5.0,0.0,60.0,0.0,86.0,0.0,0.0,0.0,0.0,0.0,0.0
48,0.0,13.999999999996362,0.0,81.0,0.0,0.0,5.0,0.0,10.000000000000004,0.0,9992.0,10000.0,0.0,12.999999999999996,0.0,73.0,0.0,80.0,0.0,0.0,0.0,0.0,0.0,0.0
48,0.0,5.0,0.0,79.0,0.0,0.0,5.0,0.0,10.0,0.0,0.0,4.0,0.0,13.0,0.0,87.0,0.0,70.0,0.0,0.0,0.0,0.0,0.0,0.0
48,0.0,7.0,0.0,66.0,0.0,0.0,5.0,0.0,0.0,0.0,9989.0,10000.0,9984.0,10000.0,0.0,88.99999999999945,0.0,53.99999999998181,0.0,0.0,0.0,14.800000000000749,0.0,0.0
48,0.0,5.999999999996362,0.0,94.0,0.0,0.0,5.0,0.0,10.000000000000002,0.0,0.0,4.999999999999998,0.0,10.999999999999998,0.0,94.0,0.0,55.0,0.0,0.0,0.0,0.0,0.0,0.0
48,0.0,5.999999999996362,0.0,91.0,0.0,0.0,5.0,0.0,0.0,0.0,0.0,12.000000000000501,0.0,16.000000000000355,0.0,69.99999999999949,0.0,50.99999999998727,0.0,0.0,0.0,14.800000000000757,0.0,0.0
48,0.0,11.999999999996362,0.0,74.0,0.0,0.0,5.0,0.0,0.0,0.0,0.0,15.0,0.0,19.999999999996362,0.0,54.0,0.0,71.99999999999545,0.0,0.0,0.0,14.79999999999636,0.0,0.0
48,0.0,14.0,0.0,80.0,0.0,0.0,5.0,0.0,10.000000000000004,0.0,0.0,10.000000000000004,9988.0,10000.0,0.0,70.0,0.0,69.0,0.0,0.0,0.0,0.0,0.0,0.0
48,0.0,6.0,0.0,90.0,0.0,0.0,5.0,0.0,10.000000000000004,0.0,0.0,11.000000000000004,0.0,8.999999999999996,0.0,74.0,0.0,66.0,0.0,0.0,0.0,0.0,0.0,0.0
48,0.0,13.0,0.0,55.0,0.0,0.0,5.0,0.0,10.000000000000004,0.0,0.0,4.0000000000000036,0.0,12.999999999999996,0.0,69.0,0.0,88.0,0.0,0.0,0.0,0.0,0.0,0.0
48,0.0,12.0,0.0,74.0,0.0,0.0,5.0,0.0,0.0,0.0,9985.0,10000.0,9979.0,10000.0,0.0,60.9999999999997,0.0,74.0,0.0,0.0,0.0,14.80000000000023,0.0,0.0
48,0.0,13.0,0.0,73.0,0.0,0.0,5.0,0.0,10.0,0.0,0.0,11.0,0.0,9.0,0.0,64.0,0.0,58.0,0.0,0.0,0.0,0.0,0.0,0.0
48,0.0,5.0,0.0,68.0,0.0,0.0,5.0,0.0,10.0,0.0,0.0,10.0,0.0,10.0,0.0,56.0,0.0,90.0,0.0,0.0,0.0,0.0,0.0,0.0
48,0.0,13.0,0.0,82.0,0.0,0.0,5.0,0.0,10.000000000000004,0.0,0.0,7.999999999999998,9988.0,10000.0,0.0,57.0,0.0,70.0,0.0,0.0,0.0,0.0,0.0,0.0
49,0.0,7.0,0.0,62.0,0.0,0.0,5.0,0.0,10.0,0.0,9996.0,10000.0,9988.0,10000.0,0.0,92.0,0.0,70.0,0.0,0.0,0.0,0.0,0.0,0.0
49,0.0,12.0,0.0,74.0,0.0,0.0,5.0,0.0,10.0,0.0,9989.0,10000.0,0.0,4.0,0.0,93.0,0.0,85.0,0.0,0.0,0.0,0.0,0.0,0.0
49,0.0,11.0,0.0,87.0,0.0,0.0,5.0,0.0,10.0,0.0,0.0,8.0,0.0,4.0,0.0,75.0,0.0,94.0,0.0,0.0,0.0,0.0,0.0,0.0
49,0.0,10.0,0.0,74.0,0.0,0.0,5.0,0.0,10.0,0.0,0.0,13.0,0.0,10.0,0.0,84.0,0.0,59.0,0.0,0.0,0.0,0.0,0.0,0.0
49,0.0,11.0,0.0,81.0,0.0,0.0,5.0,0.0,10.0,0.0,9995.0,10000.0,9993.0,10000.0,0.0,83.0,0.0,84.0,0.0,0.0,0.0,0.0,0.0,0.0
49,0.0,14.0,0.0,75.0,0.0,0.0,5.0,0.0,10.0,0.0,0.0,11.0,0.0,9.0,0.0,83.0,0.0,81.0,0.0,0.0,0.0,0.0,0.0,0.0
49,0.0,5.0,0.0,80.0,0.0,0.0,5.0,0.0,10.0,0.0,0.0,5.0,0.0,13.0,0.0,68.0,0.0,95.0,0.0,0.0,0.0,0.0,0.0,0.0
49,0.0,6.0,0.0,73.0,0.0,0.0,5.0,0.0,0.0,0.0,0.0,11.0,0.0,24.0,0.0,81.0,0.0,81.0,0.0,0.0,0.0,14.8,0.0,0.0
49,0.0,14.0,0.0,90.0,0.0,0.0,5.0,0.0,10.0,0.0,0.0,14.0,0.0,7.0,0.0,85.0,0.0,67.0,0.0,0.0,0.0,0.0,0.0,0.0
49,0.0,9.0,0.0,63.0,0.0,0.0,5.0,0.0,3.647096548462869e-12,0.0,0.0,10.999999999997844,3.6415315207705135e-12,14.999999999999993,0.0,59.00000000000216,0.0,69.00000000000365,0.0,8.185452315956354e-14,0.0,14.799999999994562,0.0,0.0
49,9986.0,10000.0,0.0,67.0,0.0,0.0,5.0,0.0,10.0,0.0,0.0,13.0,0.0,5.0,0.0,60.0,0.0,86.0,0.0,0.0,0.0,0.0,0.0,0.0
49,9986.0,10000.0,0.0,81.0,0.0,0.0,5.0,0.0,10.0,0.0,9992.0,10000.0,9987.0,10000.0,0.0,73.0,0.0,80.0,0.0,0.0,0.0,0.0,0.0,0.0
49,9995.0,10000.0,0.0,79.0,0.0,0.0,5.0,0.0,10.0,0.0,0.0,4.0,9987.0,10000.0,0.0,87.0,0.0,70.0,0.0,0.0,0.0,0.0,0.0,0.0
49,0.0,7.0,0.0,66.0,0.0,0.0,5.0,0.0,10.0,0.0,9995.0,10000.0,0.0,6.0,0.0,95.0,0.0,64.0,0.0,0.0,0.0,0.0,0.0,0.0
49,9994.0,10000.0,0.0,94.0,0.0,0.0,5.0,0.0,10.0,0.0,0.0,5.0,0.0,11.0,0.0,94.0,0.0,55.0,0.0,0.0,0.0,0.0,0.0,0.0
49,9994.0,10000.0,0.0,91.0,0.0,0.0,5.0,0.0,10.0,0.0,0.0,6.0,9994.0,10000.0,0.0,76.0,0.0,61.0,0.0,0.0,0.0,0.0,0.0,0.0
49,9987.999999999094,9999.999999999094,0.0,74.0,0.0,0.0,5.0,0.0,0.0,0.0,0.0,15.00000000000001,0.0,20.000000000000018,0.0,53.999999999999986,0.0,71.99999999999999,0.0,0.0,0.0,14.800000000000022,0.0,0.0
49,0.0,14.0,0.0,80.0,0.0,0.0,5.0,0.0,10.0,0.0,0.0,10.0,9988.0,10000.0,0.0,70.0,0.0,69.0,0.0,0.0,0.0,0.0,0.0,0.0
49,0.0,6.0,0.0,90.0,0.0,0.0,5.0,0.0,10.0,0.0,0.0,11.0,0.0,9.0,0.0,74.0,0.0,66.0,0.0,0.0,0.0,0.0,0.0,0.0
49,0.0,13.0,0.0,55.0,0.0,0.0,5.0,0.0,10.0,0.0,0.0,4.0,9987.0,10000.0,0.0,69.0,0.0,88.0,0.0,0.0,0.0,0.0,0.0,0.0
49,0.0,12.0,0.0,74.0,0.0,0.0,5.0,0.0,10.0,0.0,0.0,9.0,9989.0,10000.0,0.0,67.0,0.0,84.0,0.0,0.0,0.0,0.0,0.0,0.0
49,0.0,13.0,0.0,73.0,0.0,0.0,5.0,0.0,0.0,0.0,9983.0,10000.0,0.0,19.0,0.0,58.0,0.0,48.0,0.0,0.0,0.0,14.8,0.0,0.0
49,0.0,5.0,0.0,68.0,0.0,0.0,5.0,0.0,0.0,0.0,0.0,16.0,9980.0,10000.0,0.0,50.0,0.0,80.0,0.0,0.0,0.0,14.8,0.0,0.0
49,0.0,13.0,0.0,82.0,0.0,0.0,5.0,0.0,10.000000000000004,0.0,9992.0,10000.0,0.0,12.0,0.0,57.0,0.0,70.0,0.0,0.0,0.0,0.0,0.0,0.0
